1 1 2019 37.98 grocery
1 1 2019 45.31 misc
1 1 2019 1.74 meals
1 1 2019 7.67 transport
1 1 2019 2.38 creditcard
1 2 2019 40.03 meals
1 2 2019 3.38 creditcard
1 2 2019 15.61 medical
1 2 2019 19.73 transport
1 2 2019 17.99 misc
1 2 2019 5.72 meals
1 2 2019 40.77 meals
1 2 2019 5.54 transport
1 2 2019 10.09 meals
1 2 2019 29.04 creditcard
1 3 2019 21.06 creditcard
1 3 2019 19.78 creditcard
1 3 2019 18.88 misc
1 3 2019 34.02 creditcard
1 3 2019 42.61 creditcard
1 3 2019 10.29 meals
1 3 2019 18.14 misc
1 3 2019 8.79 meals
1 3 2019 46.98 creditcard
1 3 2019 18.48 misc
1 3 2019 23.03 transport
1 3 2019 14.59 medical
1 3 2019 16.35 misc
1 4 2019 20.24 meals
1 4 2019 10.45 transport
1 4 2019 27.38 misc
1 4 2019 30.91 meals
1 4 2019 44.00 meals
1 4 2019 32.21 transport
1 4 2019 48.98 meals
1 4 2019 23.56 grocery
1 4 2019 15.11 meals
1 4 2019 49.95 creditcard
1 4 2019 47.81 creditcard
1 4 2019 33.09 creditcard
1 5 2019 43.89 medical
1 5 2019 20.31 transport
1 5 2019 13.50 transport
1 5 2019 29.50 creditcard
1 5 2019 18.87 grocery
1 5 2019 46.21 meals
1 5 2019 21.54 meals
1 5 2019 38.00 misc
1 5 2019 26.62 meals
1 5 2019 26.90 misc
1 5 2019 24.83 creditcard
1 5 2019 37.71 misc
1 6 2019 3.31 misc
1 6 2019 36.28 medical
1 6 2019 44.09 misc
1 6 2019 29.30 medical
1 6 2019 45.89 grocery
1 6 2019 41.81 meals
1 6 2019 18.06 transport
1 7 2019 8.70 meals
1 7 2019 17.19 medical
1 7 2019 2.26 meals
1 7 2019 7.16 misc
1 7 2019 6.46 medical
1 7 2019 1.48 medical
1 7 2019 2.12 grocery
1 7 2019 5.95 creditcard
1 8 2019 28.42 meals
1 8 2019 25.92 misc
1 8 2019 32.02 meals
1 8 2019 1.83 misc
1 8 2019 42.80 grocery
1 8 2019 32.24 transport
1 8 2019 4.29 meals
1 8 2019 18.56 transport
1 8 2019 21.63 meals
1 8 2019 12.42 misc
1 8 2019 3.97 grocery
1 8 2019 31.28 grocery
1 9 2019 11.57 grocery
1 9 2019 28.00 creditcard
1 9 2019 7.31 creditcard
1 9 2019 43.95 transport
1 9 2019 43.44 creditcard
1 9 2019 43.78 meals
1 9 2019 17.29 creditcard
1 9 2019 40.48 transport
1 9 2019 3.95 meals
1 9 2019 13.24 transport
1 9 2019 18.91 misc
1 9 2019 29.02 creditcard
1 10 2019 4.85 creditcard
1 10 2019 24.14 medical
1 10 2019 4.73 transport
1 10 2019 45.71 grocery
1 10 2019 40.95 transport
1 10 2019 47.22 transport
1 10 2019 6.19 transport
1 10 2019 2.91 creditcard
1 10 2019 3.76 meals
1 10 2019 37.96 misc
1 10 2019 40.08 meals
1 11 2019 40.43 transport
1 11 2019 34.83 transport
1 11 2019 32.55 transport
1 11 2019 24.08 creditcard
1 11 2019 17.70 grocery
1 11 2019 40.53 meals
1 11 2019 45.52 meals
1 11 2019 47.55 grocery
1 11 2019 44.44 transport
1 12 2019 3.91 transport
1 12 2019 42.62 meals
1 12 2019 35.65 meals
1 12 2019 5.43 misc
1 12 2019 19.86 meals
1 12 2019 20.53 meals
1 12 2019 34.95 medical
1 12 2019 31.13 meals
1 12 2019 12.24 meals
1 12 2019 17.39 misc
1 13 2019 9.17 creditcard
1 13 2019 13.54 meals
1 13 2019 22.66 transport
1 13 2019 40.12 creditcard
1 13 2019 19.90 misc
1 14 2019 33.90 creditcard
1 14 2019 24.85 creditcard
1 14 2019 11.78 medical
1 14 2019 42.18 medical
1 14 2019 23.80 transport
1 14 2019 26.95 transport
1 14 2019 41.39 transport
1 15 2019 3.64 meals
1 15 2019 18.46 medical
1 15 2019 12.78 misc
1 16 2019 25.32 medical
1 16 2019 22.12 medical
1 16 2019 20.47 grocery
1 16 2019 5.33 meals
1 16 2019 8.24 grocery
1 16 2019 9.64 medical
1 16 2019 7.79 creditcard
1 16 2019 11.38 meals
1 16 2019 1.07 medical
1 16 2019 11.69 misc
1 16 2019 41.94 meals
1 16 2019 34.12 meals
1 16 2019 5.73 medical
1 16 2019 11.48 grocery
1 17 2019 37.12 medical
1 17 2019 22.31 creditcard
1 17 2019 7.59 meals
1 17 2019 36.93 meals
1 17 2019 12.09 medical
1 17 2019 3.07 meals
1 17 2019 38.82 medical
1 17 2019 7.13 transport
1 17 2019 44.56 meals
1 17 2019 9.32 misc
1 17 2019 16.80 medical
1 17 2019 20.70 creditcard
1 17 2019 19.48 transport
1 17 2019 23.63 meals
1 18 2019 9.65 meals
1 18 2019 11.32 meals
1 18 2019 22.99 misc
1 18 2019 1.72 medical
1 18 2019 14.72 meals
1 18 2019 40.84 meals
1 18 2019 47.63 grocery
1 18 2019 32.72 medical
1 19 2019 40.97 misc
1 19 2019 2.41 meals
1 19 2019 5.12 creditcard
1 19 2019 34.66 misc
1 19 2019 36.11 meals
1 19 2019 37.54 transport
1 19 2019 7.84 transport
1 19 2019 18.39 transport
1 19 2019 22.06 transport
1 19 2019 30.52 meals
1 19 2019 13.25 transport
1 19 2019 13.57 transport
1 19 2019 1.11 meals
1 19 2019 6.44 grocery
1 20 2019 37.24 grocery
1 20 2019 30.18 transport
1 20 2019 38.01 medical
1 20 2019 17.73 meals
1 20 2019 14.15 grocery
1 20 2019 41.34 creditcard
1 20 2019 29.10 meals
1 20 2019 24.15 grocery
1 20 2019 18.49 medical
1 20 2019 11.90 medical
1 20 2019 12.19 transport
1 20 2019 42.27 creditcard
1 21 2019 1.08 creditcard
1 21 2019 29.82 meals
1 21 2019 11.86 creditcard
1 21 2019 42.77 meals
1 21 2019 48.22 meals
1 21 2019 35.47 misc
1 21 2019 23.12 grocery
1 21 2019 40.87 transport
1 22 2019 8.18 grocery
1 22 2019 32.15 medical
1 22 2019 32.63 meals
1 22 2019 13.00 meals
1 22 2019 29.66 misc
1 22 2019 4.30 creditcard
1 22 2019 44.66 misc
1 22 2019 22.02 creditcard
1 22 2019 6.46 misc
1 22 2019 27.10 misc
1 23 2019 24.57 misc
1 23 2019 25.71 transport
1 23 2019 49.44 meals
1 23 2019 49.76 grocery
1 23 2019 12.53 medical
1 23 2019 47.49 meals
1 23 2019 13.97 misc
1 24 2019 13.61 grocery
1 24 2019 30.51 grocery
1 24 2019 15.03 medical
1 24 2019 14.22 transport
1 24 2019 10.45 medical
1 24 2019 24.93 creditcard
1 24 2019 12.81 meals
1 24 2019 39.41 medical
1 24 2019 25.62 transport
1 24 2019 7.85 medical
1 24 2019 11.58 meals
1 25 2019 1.90 creditcard
1 25 2019 16.25 meals
1 25 2019 21.57 medical
1 25 2019 27.23 transport
1 25 2019 41.84 creditcard
1 25 2019 38.04 medical
1 25 2019 32.10 creditcard
1 25 2019 47.36 grocery
1 25 2019 31.31 medical
1 25 2019 15.73 meals
1 25 2019 44.43 creditcard
1 26 2019 26.57 grocery
1 26 2019 46.80 medical
1 26 2019 26.08 transport
1 26 2019 38.13 transport
1 26 2019 9.28 meals
1 26 2019 25.76 meals
1 26 2019 25.95 meals
1 26 2019 33.91 medical
1 26 2019 45.83 meals
1 26 2019 21.54 medical
1 26 2019 33.08 grocery
1 27 2019 23.88 misc
1 27 2019 9.95 grocery
1 27 2019 19.96 meals
1 27 2019 5.41 meals
1 27 2019 29.95 meals
1 27 2019 2.41 transport
1 27 2019 21.90 transport
1 27 2019 1.52 medical
1 27 2019 18.09 meals
1 28 2019 24.77 medical
1 28 2019 11.17 transport
1 28 2019 14.34 meals
1 28 2019 9.68 medical
1 29 2019 41.77 misc
1 29 2019 13.31 creditcard
1 29 2019 1.01 misc
1 29 2019 4.29 creditcard
1 29 2019 25.64 transport
1 29 2019 24.59 meals
1 29 2019 4.53 misc
1 29 2019 17.98 misc
1 29 2019 34.81 creditcard
1 29 2019 6.85 meals
1 29 2019 23.40 transport
1 30 2019 4.26 misc
1 30 2019 34.38 creditcard
1 30 2019 29.23 meals
1 30 2019 2.49 creditcard
1 30 2019 34.84 misc
1 30 2019 27.52 meals
1 30 2019 28.80 meals
1 30 2019 3.79 meals
1 30 2019 24.43 transport
1 31 2019 29.04 creditcard
1 31 2019 47.38 meals
1 31 2019 39.47 medical
1 31 2019 14.53 meals
1 31 2019 34.11 grocery
1 31 2019 8.37 transport
1 31 2019 40.20 medical
1 31 2019 44.19 meals
2 1 2019 37.26 transport
2 1 2019 24.04 misc
2 1 2019 37.08 meals
2 1 2019 21.60 creditcard
2 1 2019 49.36 misc
2 2 2019 23.80 medical
2 2 2019 35.03 meals
2 2 2019 48.94 medical
2 2 2019 47.87 grocery
2 2 2019 14.62 transport
2 2 2019 33.74 meals
2 3 2019 41.11 transport
2 3 2019 38.55 creditcard
2 3 2019 2.74 meals
2 3 2019 30.54 grocery
2 3 2019 4.66 meals
2 3 2019 11.10 grocery
2 3 2019 5.16 medical
2 3 2019 6.64 meals
2 3 2019 6.12 creditcard
2 3 2019 27.33 grocery
2 3 2019 4.35 medical
2 3 2019 38.97 medical
2 3 2019 27.06 misc
2 3 2019 49.40 grocery
2 4 2019 47.14 grocery
2 4 2019 2.25 meals
2 4 2019 25.37 misc
2 4 2019 7.43 creditcard
2 4 2019 3.51 meals
2 5 2019 7.09 meals
2 5 2019 15.15 transport
2 5 2019 37.26 creditcard
2 5 2019 14.79 grocery
2 5 2019 39.11 grocery
2 5 2019 32.42 grocery
2 5 2019 20.31 creditcard
2 5 2019 28.24 meals
2 6 2019 27.64 medical
2 6 2019 8.92 misc
2 6 2019 21.66 transport
2 6 2019 29.48 meals
2 6 2019 32.14 medical
2 6 2019 16.77 medical
2 6 2019 31.35 grocery
2 6 2019 40.75 grocery
2 6 2019 5.33 meals
2 6 2019 24.16 misc
2 6 2019 15.80 creditcard
2 6 2019 14.25 meals
2 6 2019 47.97 meals
2 6 2019 26.25 creditcard
2 7 2019 22.63 creditcard
2 7 2019 11.60 meals
2 7 2019 25.08 medical
2 7 2019 28.14 medical
2 7 2019 14.87 misc
2 7 2019 16.41 meals
2 7 2019 39.95 meals
2 7 2019 31.14 medical
2 7 2019 40.82 creditcard
2 7 2019 34.47 grocery
2 7 2019 41.19 transport
2 8 2019 7.74 misc
2 8 2019 13.59 meals
2 8 2019 28.60 grocery
2 8 2019 24.08 transport
2 9 2019 40.24 misc
2 9 2019 17.96 creditcard
2 9 2019 8.58 meals
2 9 2019 48.59 misc
2 9 2019 19.28 creditcard
2 10 2019 9.24 creditcard
2 10 2019 3.38 grocery
2 10 2019 5.89 creditcard
2 10 2019 22.86 meals
2 10 2019 11.62 medical
2 10 2019 4.39 creditcard
2 10 2019 4.37 creditcard
2 10 2019 23.09 medical
2 11 2019 46.18 meals
2 11 2019 16.31 grocery
2 11 2019 16.74 medical
2 11 2019 1.76 misc
2 12 2019 49.35 meals
2 12 2019 46.67 transport
2 12 2019 18.03 meals
2 12 2019 28.43 creditcard
2 12 2019 43.30 medical
2 12 2019 39.85 creditcard
2 12 2019 30.07 meals
2 12 2019 46.66 medical
2 12 2019 18.85 meals
2 13 2019 40.94 medical
2 13 2019 5.29 grocery
2 13 2019 25.59 creditcard
2 13 2019 23.56 grocery
2 13 2019 3.88 misc
2 13 2019 15.66 medical
2 13 2019 23.68 transport
2 13 2019 27.94 grocery
2 13 2019 28.49 medical
2 13 2019 15.48 meals
2 13 2019 26.17 meals
2 13 2019 37.77 grocery
2 13 2019 27.89 grocery
2 13 2019 38.02 transport
2 14 2019 38.06 transport
2 14 2019 47.05 creditcard
2 14 2019 15.11 medical
2 14 2019 44.68 medical
2 15 2019 36.02 grocery
2 15 2019 31.08 meals
2 15 2019 18.88 meals
2 15 2019 12.14 meals
2 16 2019 39.63 misc
2 16 2019 6.30 grocery
2 16 2019 4.86 meals
2 16 2019 25.32 meals
2 16 2019 31.02 transport
2 16 2019 33.23 grocery
2 16 2019 19.68 creditcard
2 16 2019 2.21 creditcard
2 16 2019 40.39 creditcard
2 16 2019 49.92 medical
2 16 2019 1.04 meals
2 16 2019 21.10 grocery
2 17 2019 21.79 meals
2 17 2019 41.53 medical
2 17 2019 2.36 medical
2 17 2019 22.57 medical
2 17 2019 37.66 transport
2 17 2019 33.91 grocery
2 17 2019 34.46 medical
2 17 2019 21.81 meals
2 17 2019 12.36 transport
2 17 2019 16.72 medical
2 17 2019 14.42 medical
2 17 2019 23.05 medical
2 18 2019 8.13 medical
2 18 2019 39.07 misc
2 18 2019 17.45 misc
2 18 2019 49.02 misc
2 18 2019 18.37 medical
2 18 2019 24.34 meals
2 18 2019 4.54 meals
2 18 2019 37.39 transport
2 18 2019 37.31 misc
2 18 2019 47.13 creditcard
2 19 2019 44.17 misc
2 19 2019 12.21 transport
2 19 2019 10.46 misc
2 19 2019 42.37 medical
2 19 2019 5.38 misc
2 19 2019 39.65 medical
2 19 2019 13.84 creditcard
2 19 2019 1.63 grocery
2 19 2019 16.92 misc
2 19 2019 8.05 meals
2 19 2019 46.97 meals
2 19 2019 2.43 meals
2 19 2019 44.16 creditcard
2 19 2019 37.68 misc
2 20 2019 4.12 creditcard
2 20 2019 6.42 medical
2 20 2019 32.56 creditcard
2 20 2019 40.39 transport
2 20 2019 8.69 misc
2 21 2019 32.46 transport
2 21 2019 45.76 meals
2 21 2019 29.47 meals
2 21 2019 34.98 meals
2 21 2019 20.03 grocery
2 22 2019 17.00 meals
2 22 2019 44.71 creditcard
2 22 2019 42.97 transport
2 22 2019 5.07 creditcard
2 22 2019 21.06 transport
2 22 2019 35.67 misc
2 22 2019 38.13 creditcard
2 22 2019 41.81 misc
2 22 2019 25.43 meals
2 22 2019 1.45 grocery
2 22 2019 31.97 transport
2 22 2019 32.78 misc
2 22 2019 41.50 medical
2 23 2019 36.90 meals
2 23 2019 4.28 medical
2 23 2019 15.23 meals
2 23 2019 24.91 medical
2 23 2019 45.07 medical
2 24 2019 10.40 meals
2 24 2019 42.88 meals
2 24 2019 30.29 medical
2 24 2019 13.31 misc
2 24 2019 9.54 grocery
2 24 2019 21.62 transport
2 24 2019 24.77 meals
2 24 2019 22.03 meals
2 24 2019 29.86 transport
2 24 2019 35.75 grocery
2 24 2019 49.44 medical
2 25 2019 29.64 meals
2 25 2019 46.50 meals
2 25 2019 29.82 grocery
2 25 2019 37.28 creditcard
2 25 2019 1.97 grocery
2 25 2019 8.39 meals
2 25 2019 21.39 grocery
2 25 2019 9.37 grocery
2 25 2019 46.96 meals
2 25 2019 14.12 meals
2 25 2019 20.90 creditcard
2 25 2019 27.99 misc
2 25 2019 45.59 grocery
2 26 2019 36.71 grocery
2 26 2019 46.21 medical
2 26 2019 19.62 meals
2 26 2019 27.62 misc
2 26 2019 24.25 creditcard
2 27 2019 38.77 creditcard
2 27 2019 1.56 meals
2 27 2019 16.23 creditcard
2 27 2019 34.58 misc
2 27 2019 14.46 medical
2 28 2019 27.59 grocery
2 28 2019 40.64 meals
2 28 2019 15.50 creditcard
2 28 2019 38.91 meals
2 28 2019 30.34 misc
2 28 2019 45.02 misc
2 28 2019 6.75 transport
3 1 2019 33.37 grocery
3 1 2019 44.24 meals
3 1 2019 46.31 medical
3 1 2019 21.76 meals
3 1 2019 29.19 grocery
3 1 2019 18.83 transport
3 1 2019 11.60 medical
3 2 2019 31.33 transport
3 2 2019 31.82 creditcard
3 2 2019 3.21 meals
3 2 2019 39.09 grocery
3 2 2019 2.36 creditcard
3 2 2019 16.75 meals
3 2 2019 45.00 misc
3 2 2019 11.05 creditcard
3 2 2019 5.88 meals
3 2 2019 10.23 meals
3 2 2019 43.20 grocery
3 2 2019 28.23 grocery
3 2 2019 21.45 creditcard
3 3 2019 34.22 misc
3 3 2019 40.22 misc
3 3 2019 7.16 meals
3 3 2019 10.36 misc
3 4 2019 6.69 creditcard
3 4 2019 42.47 transport
3 4 2019 35.68 transport
3 5 2019 30.68 medical
3 5 2019 14.50 meals
3 5 2019 35.62 transport
3 6 2019 42.09 meals
3 6 2019 47.17 creditcard
3 6 2019 43.68 creditcard
3 6 2019 34.55 meals
3 7 2019 10.37 grocery
3 7 2019 30.39 creditcard
3 7 2019 40.95 grocery
3 8 2019 42.29 meals
3 8 2019 10.92 medical
3 8 2019 3.51 meals
3 8 2019 42.99 meals
3 8 2019 26.28 misc
3 8 2019 20.46 creditcard
3 8 2019 9.35 medical
3 8 2019 26.87 meals
3 8 2019 34.46 misc
3 8 2019 20.77 misc
3 8 2019 41.66 meals
3 8 2019 29.74 meals
3 8 2019 14.70 creditcard
3 9 2019 30.24 transport
3 9 2019 13.66 misc
3 9 2019 4.82 transport
3 9 2019 33.86 grocery
3 9 2019 11.63 medical
3 9 2019 31.59 creditcard
3 9 2019 5.76 meals
3 9 2019 37.07 misc
3 10 2019 17.93 meals
3 10 2019 14.12 meals
3 10 2019 26.63 medical
3 10 2019 29.55 creditcard
3 10 2019 38.22 transport
3 10 2019 11.81 meals
3 11 2019 34.72 medical
3 11 2019 41.40 meals
3 11 2019 6.11 meals
3 11 2019 6.51 grocery
3 11 2019 33.82 creditcard
3 11 2019 18.45 creditcard
3 11 2019 33.75 misc
3 11 2019 19.74 creditcard
3 11 2019 48.93 medical
3 11 2019 37.76 meals
3 12 2019 39.16 misc
3 12 2019 29.45 creditcard
3 12 2019 45.47 creditcard
3 12 2019 27.01 meals
3 12 2019 19.61 meals
3 12 2019 41.00 meals
3 12 2019 47.29 grocery
3 12 2019 6.89 grocery
3 12 2019 43.91 meals
3 12 2019 26.35 transport
3 12 2019 13.32 grocery
3 12 2019 43.81 medical
3 12 2019 10.52 transport
3 13 2019 41.95 meals
3 13 2019 36.00 grocery
3 13 2019 40.57 transport
3 13 2019 16.97 transport
3 13 2019 9.64 medical
3 13 2019 35.31 creditcard
3 13 2019 3.26 grocery
3 13 2019 6.94 meals
3 13 2019 38.50 meals
3 13 2019 9.95 medical
3 13 2019 38.25 meals
3 14 2019 48.32 creditcard
3 14 2019 47.17 grocery
3 14 2019 2.69 meals
3 14 2019 6.78 grocery
3 15 2019 8.19 misc
3 15 2019 36.17 meals
3 15 2019 35.35 meals
3 15 2019 7.06 meals
3 15 2019 35.79 grocery
3 15 2019 9.94 grocery
3 15 2019 32.59 creditcard
3 15 2019 41.11 creditcard
3 15 2019 10.23 meals
3 15 2019 2.14 meals
3 15 2019 4.89 transport
3 15 2019 45.81 creditcard
3 15 2019 5.72 grocery
3 15 2019 22.74 transport
3 16 2019 8.91 transport
3 16 2019 1.93 medical
3 16 2019 46.26 meals
3 16 2019 15.45 meals
3 16 2019 5.77 transport
3 16 2019 34.20 meals
3 16 2019 18.40 misc
3 16 2019 28.74 medical
3 16 2019 13.37 meals
3 16 2019 42.52 transport
3 16 2019 49.98 grocery
3 16 2019 17.33 transport
3 16 2019 35.83 grocery
3 17 2019 23.79 transport
3 17 2019 24.67 creditcard
3 17 2019 18.04 medical
3 17 2019 18.47 meals
3 17 2019 31.02 creditcard
3 18 2019 29.43 creditcard
3 18 2019 21.06 transport
3 18 2019 18.09 grocery
3 18 2019 34.90 meals
3 18 2019 21.75 meals
3 19 2019 14.27 transport
3 19 2019 44.67 meals
3 19 2019 27.05 meals
3 19 2019 39.12 transport
3 19 2019 15.45 transport
3 19 2019 23.56 grocery
3 19 2019 29.45 grocery
3 19 2019 23.89 meals
3 19 2019 37.75 meals
3 19 2019 14.09 meals
3 19 2019 33.34 medical
3 19 2019 20.40 meals
3 19 2019 3.14 transport
3 20 2019 47.98 medical
3 20 2019 28.16 grocery
3 20 2019 42.90 grocery
3 20 2019 37.35 meals
3 20 2019 14.93 grocery
3 20 2019 35.32 misc
3 20 2019 5.00 meals
3 20 2019 1.94 meals
3 20 2019 26.69 grocery
3 20 2019 17.02 misc
3 21 2019 20.94 grocery
3 21 2019 28.65 meals
3 21 2019 21.76 meals
3 21 2019 49.27 misc
3 21 2019 6.93 medical
3 21 2019 21.89 medical
3 21 2019 8.31 transport
3 21 2019 28.46 meals
3 21 2019 1.92 misc
3 22 2019 40.47 transport
3 22 2019 37.51 meals
3 22 2019 7.24 grocery
3 22 2019 37.61 medical
3 22 2019 30.01 meals
3 23 2019 9.31 misc
3 23 2019 42.28 grocery
3 23 2019 27.88 transport
3 23 2019 35.02 misc
3 24 2019 40.95 meals
3 24 2019 8.85 misc
3 24 2019 14.62 misc
3 24 2019 4.98 transport
3 24 2019 23.34 misc
3 24 2019 18.97 transport
3 24 2019 37.65 meals
3 24 2019 8.30 meals
3 24 2019 43.95 meals
3 24 2019 26.84 misc
3 24 2019 48.57 medical
3 25 2019 23.16 misc
3 25 2019 19.23 meals
3 25 2019 37.74 meals
3 25 2019 27.19 misc
3 25 2019 44.21 medical
3 25 2019 32.55 creditcard
3 25 2019 47.13 meals
3 25 2019 24.71 meals
3 25 2019 27.31 meals
3 25 2019 24.94 grocery
3 26 2019 30.43 meals
3 26 2019 33.93 misc
3 26 2019 42.37 transport
3 26 2019 47.34 grocery
3 26 2019 42.20 medical
3 26 2019 14.10 creditcard
3 26 2019 47.85 transport
3 26 2019 4.64 meals
3 26 2019 40.34 misc
3 26 2019 45.32 misc
3 26 2019 10.89 creditcard
3 26 2019 20.98 transport
3 27 2019 26.95 grocery
3 27 2019 42.15 meals
3 27 2019 31.32 medical
3 27 2019 31.32 misc
3 27 2019 16.12 meals
3 27 2019 21.14 misc
3 27 2019 3.05 transport
3 27 2019 18.11 medical
3 27 2019 25.20 medical
3 27 2019 29.52 grocery
3 27 2019 37.65 medical
3 27 2019 28.70 creditcard
3 28 2019 2.55 misc
3 28 2019 41.01 misc
3 28 2019 39.75 medical
3 28 2019 48.49 medical
3 28 2019 22.94 meals
3 28 2019 12.26 meals
3 28 2019 30.71 grocery
3 28 2019 20.25 medical
3 28 2019 11.18 meals
3 29 2019 22.27 transport
3 29 2019 19.15 meals
3 29 2019 46.28 meals
3 29 2019 34.83 medical
3 29 2019 28.31 transport
3 29 2019 48.93 meals
3 29 2019 15.08 misc
3 29 2019 44.29 grocery
3 29 2019 14.57 misc
3 29 2019 35.12 meals
3 29 2019 47.03 medical
3 30 2019 2.17 creditcard
3 30 2019 45.81 creditcard
3 30 2019 49.66 meals
3 30 2019 16.59 grocery
3 31 2019 28.87 meals
3 31 2019 24.75 misc
3 31 2019 3.97 transport
3 31 2019 9.10 medical
3 31 2019 22.12 transport
3 31 2019 34.56 grocery
3 31 2019 31.86 misc
3 31 2019 22.83 meals
3 31 2019 3.94 meals
4 1 2019 49.98 grocery
4 1 2019 45.73 meals
4 1 2019 6.70 grocery
4 1 2019 22.58 meals
4 1 2019 47.54 grocery
4 1 2019 42.50 misc
4 1 2019 17.05 meals
4 1 2019 49.57 grocery
4 1 2019 1.77 transport
4 1 2019 49.32 medical
4 1 2019 30.28 meals
4 1 2019 16.63 creditcard
4 2 2019 44.49 grocery
4 2 2019 33.67 meals
4 2 2019 45.28 misc
4 2 2019 47.42 grocery
4 2 2019 19.36 meals
4 2 2019 42.45 transport
4 2 2019 21.17 meals
4 2 2019 8.46 transport
4 2 2019 40.32 medical
4 2 2019 25.41 grocery
4 2 2019 32.86 creditcard
4 2 2019 38.90 grocery
4 3 2019 20.97 creditcard
4 3 2019 22.32 grocery
4 3 2019 36.80 transport
4 3 2019 31.10 misc
4 3 2019 43.23 misc
4 3 2019 20.41 creditcard
4 4 2019 7.16 medical
4 4 2019 24.55 meals
4 4 2019 45.14 meals
4 4 2019 46.44 meals
4 4 2019 4.08 grocery
4 4 2019 35.90 misc
4 4 2019 24.89 creditcard
4 4 2019 44.13 transport
4 4 2019 9.80 transport
4 5 2019 30.11 medical
4 5 2019 20.39 creditcard
4 5 2019 40.98 meals
4 5 2019 41.05 medical
4 5 2019 29.03 transport
4 5 2019 1.07 meals
4 5 2019 17.62 medical
4 5 2019 28.56 creditcard
4 5 2019 30.44 misc
4 5 2019 12.68 medical
4 5 2019 26.38 meals
4 6 2019 4.87 misc
4 6 2019 36.74 meals
4 6 2019 36.16 meals
4 6 2019 8.10 creditcard
4 6 2019 25.66 grocery
4 6 2019 39.33 grocery
4 6 2019 29.50 grocery
4 7 2019 13.71 creditcard
4 7 2019 43.10 transport
4 7 2019 22.87 transport
4 7 2019 48.09 meals
4 7 2019 25.98 misc
4 7 2019 23.74 grocery
4 7 2019 11.60 meals
4 7 2019 36.12 medical
4 7 2019 3.99 transport
4 7 2019 16.31 meals
4 8 2019 11.86 transport
4 8 2019 14.58 grocery
4 8 2019 46.64 meals
4 8 2019 28.11 misc
4 8 2019 42.75 transport
4 8 2019 38.86 transport
4 8 2019 3.86 meals
4 8 2019 33.50 transport
4 8 2019 49.74 medical
4 8 2019 38.58 misc
4 8 2019 7.68 misc
4 8 2019 38.89 meals
4 8 2019 12.38 creditcard
4 9 2019 20.87 medical
4 9 2019 10.81 creditcard
4 9 2019 44.63 creditcard
4 9 2019 29.10 medical
4 9 2019 15.57 medical
4 10 2019 40.72 misc
4 10 2019 19.04 medical
4 10 2019 35.40 creditcard
4 10 2019 31.24 creditcard
4 10 2019 34.51 medical
4 11 2019 23.10 transport
4 11 2019 9.54 meals
4 11 2019 47.18 creditcard
4 12 2019 15.64 misc
4 12 2019 30.62 meals
4 12 2019 33.97 meals
4 12 2019 43.06 meals
4 12 2019 24.24 misc
4 13 2019 6.27 medical
4 13 2019 8.21 medical
4 13 2019 1.55 grocery
4 13 2019 15.46 misc
4 13 2019 18.05 medical
4 13 2019 6.98 meals
4 13 2019 35.23 medical
4 14 2019 43.77 misc
4 14 2019 4.52 transport
4 14 2019 37.21 creditcard
4 14 2019 32.29 creditcard
4 15 2019 16.26 transport
4 15 2019 10.66 creditcard
4 15 2019 36.22 medical
4 15 2019 34.66 grocery
4 15 2019 16.41 grocery
4 15 2019 21.54 creditcard
4 15 2019 28.68 grocery
4 16 2019 45.73 creditcard
4 16 2019 44.41 meals
4 16 2019 4.62 misc
4 16 2019 1.13 meals
4 16 2019 49.96 meals
4 16 2019 6.52 grocery
4 16 2019 22.82 grocery
4 16 2019 5.01 grocery
4 16 2019 4.08 creditcard
4 16 2019 49.09 creditcard
4 16 2019 3.21 medical
4 16 2019 5.94 meals
4 17 2019 46.82 creditcard
4 17 2019 15.38 misc
4 17 2019 1.26 meals
4 17 2019 21.24 creditcard
4 17 2019 47.23 creditcard
4 17 2019 23.26 creditcard
4 17 2019 15.17 creditcard
4 17 2019 20.70 creditcard
4 17 2019 26.19 meals
4 17 2019 40.65 transport
4 17 2019 11.88 medical
4 17 2019 17.10 misc
4 17 2019 29.18 grocery
4 17 2019 30.09 transport
4 18 2019 23.79 transport
4 18 2019 39.14 grocery
4 18 2019 24.97 transport
4 18 2019 38.31 misc
4 18 2019 34.89 meals
4 18 2019 25.02 meals
4 18 2019 30.23 meals
4 18 2019 14.11 meals
4 18 2019 15.46 medical
4 18 2019 26.09 misc
4 18 2019 22.60 grocery
4 18 2019 33.22 meals
4 18 2019 6.22 transport
4 19 2019 42.59 grocery
4 19 2019 42.04 medical
4 19 2019 13.99 meals
4 19 2019 24.05 meals
4 19 2019 26.60 grocery
4 19 2019 39.35 meals
4 19 2019 22.60 meals
4 19 2019 28.41 creditcard
4 19 2019 26.54 misc
4 19 2019 34.66 misc
4 20 2019 16.60 meals
4 20 2019 9.98 grocery
4 20 2019 40.65 grocery
4 20 2019 39.89 meals
4 20 2019 3.31 creditcard
4 20 2019 38.47 grocery
4 20 2019 12.81 misc
4 20 2019 6.51 transport
4 20 2019 46.45 meals
4 20 2019 40.05 medical
4 20 2019 45.90 meals
4 21 2019 42.22 creditcard
4 21 2019 27.31 creditcard
4 21 2019 44.03 transport
4 21 2019 44.22 medical
4 22 2019 45.76 grocery
4 22 2019 15.78 grocery
4 22 2019 32.87 meals
4 22 2019 32.30 medical
4 22 2019 25.44 creditcard
4 22 2019 27.70 grocery
4 22 2019 43.17 medical
4 22 2019 1.69 grocery
4 22 2019 39.77 grocery
4 23 2019 35.68 medical
4 23 2019 29.55 misc
4 23 2019 6.05 meals
4 23 2019 45.68 meals
4 23 2019 17.83 grocery
4 23 2019 30.77 meals
4 23 2019 35.67 creditcard
4 23 2019 10.19 misc
4 24 2019 14.87 meals
4 24 2019 38.50 grocery
4 24 2019 24.18 creditcard
4 25 2019 17.36 meals
4 25 2019 27.27 meals
4 25 2019 38.19 creditcard
4 25 2019 29.77 misc
4 25 2019 2.22 transport
4 25 2019 1.78 meals
4 25 2019 15.19 meals
4 25 2019 6.38 medical
4 25 2019 36.37 grocery
4 26 2019 22.04 meals
4 26 2019 35.64 meals
4 26 2019 10.91 meals
4 26 2019 46.54 meals
4 26 2019 38.83 creditcard
4 26 2019 14.63 creditcard
4 26 2019 37.08 transport
4 26 2019 41.67 meals
4 26 2019 1.26 transport
4 27 2019 24.14 transport
4 27 2019 31.18 misc
4 27 2019 17.20 meals
4 27 2019 21.40 misc
4 27 2019 27.40 meals
4 27 2019 8.74 meals
4 27 2019 28.82 creditcard
4 27 2019 38.49 creditcard
4 28 2019 38.01 creditcard
4 28 2019 23.68 misc
4 28 2019 38.23 grocery
4 28 2019 41.25 misc
4 28 2019 49.38 medical
4 28 2019 18.40 meals
4 28 2019 41.63 grocery
4 28 2019 23.78 meals
4 29 2019 47.71 creditcard
4 29 2019 16.82 creditcard
4 29 2019 40.35 meals
4 29 2019 25.88 meals
4 29 2019 46.08 meals
4 29 2019 13.44 medical
4 29 2019 25.67 grocery
4 29 2019 22.60 meals
4 30 2019 48.45 medical
4 30 2019 47.71 grocery
4 30 2019 6.74 meals
4 30 2019 22.65 misc
4 30 2019 46.73 transport
5 1 2019 20.51 creditcard
5 1 2019 34.85 creditcard
5 1 2019 33.61 meals
5 1 2019 36.34 misc
5 1 2019 43.91 transport
5 1 2019 22.07 grocery
5 2 2019 34.51 misc
5 2 2019 40.62 misc
5 2 2019 46.19 medical
5 2 2019 32.62 meals
5 2 2019 15.22 medical
5 2 2019 34.36 creditcard
5 3 2019 7.01 meals
5 3 2019 24.16 creditcard
5 3 2019 8.54 meals
5 3 2019 35.15 grocery
5 3 2019 11.91 creditcard
5 3 2019 43.08 meals
5 3 2019 41.74 grocery
5 3 2019 9.49 transport
5 3 2019 27.01 misc
5 4 2019 1.61 creditcard
5 4 2019 19.56 meals
5 4 2019 47.86 meals
5 4 2019 41.46 transport
5 4 2019 31.52 misc
5 4 2019 33.06 transport
5 4 2019 31.85 misc
5 4 2019 32.12 meals
5 4 2019 34.73 misc
5 4 2019 36.31 misc
5 4 2019 36.72 meals
5 4 2019 20.22 medical
5 4 2019 45.82 meals
5 4 2019 42.47 transport
5 5 2019 16.90 meals
5 5 2019 33.86 medical
5 5 2019 25.53 medical
5 5 2019 28.82 misc
5 5 2019 22.14 grocery
5 5 2019 8.25 meals
5 5 2019 23.98 creditcard
5 5 2019 28.82 meals
5 5 2019 47.33 medical
5 5 2019 34.91 misc
5 6 2019 12.05 transport
5 6 2019 20.38 medical
5 6 2019 42.85 creditcard
5 6 2019 37.51 medical
5 6 2019 24.85 creditcard
5 6 2019 2.23 medical
5 7 2019 32.19 meals
5 7 2019 34.30 transport
5 7 2019 32.10 meals
5 8 2019 39.35 meals
5 8 2019 24.91 meals
5 8 2019 31.25 misc
5 9 2019 11.24 transport
5 9 2019 25.05 misc
5 9 2019 21.06 medical
5 10 2019 2.35 misc
5 10 2019 12.14 grocery
5 10 2019 12.10 medical
5 10 2019 9.63 transport
5 10 2019 16.83 transport
5 10 2019 44.53 misc
5 10 2019 46.57 meals
5 10 2019 4.30 meals
5 10 2019 6.49 grocery
5 10 2019 5.45 medical
5 10 2019 47.23 medical
5 10 2019 5.50 meals
5 10 2019 45.94 transport
5 10 2019 24.18 misc
5 11 2019 8.10 creditcard
5 11 2019 35.93 medical
5 11 2019 29.55 misc
5 11 2019 44.98 creditcard
5 11 2019 33.43 transport
5 11 2019 31.39 meals
5 11 2019 2.86 meals
5 11 2019 42.28 meals
5 11 2019 6.90 meals
5 11 2019 12.90 meals
5 11 2019 48.76 grocery
5 12 2019 34.47 meals
5 12 2019 44.94 medical
5 12 2019 11.33 creditcard
5 12 2019 2.90 meals
5 12 2019 26.23 creditcard
5 12 2019 30.84 transport
5 12 2019 48.87 meals
5 12 2019 5.11 transport
5 12 2019 38.08 transport
5 12 2019 44.82 medical
5 12 2019 14.29 meals
5 12 2019 26.08 creditcard
5 12 2019 4.33 creditcard
5 13 2019 2.90 creditcard
5 13 2019 24.93 meals
5 13 2019 3.63 creditcard
5 13 2019 42.65 medical
5 13 2019 32.08 transport
5 13 2019 34.96 misc
5 13 2019 37.01 meals
5 13 2019 7.84 meals
5 13 2019 4.16 transport
5 13 2019 1.25 creditcard
5 14 2019 12.68 transport
5 14 2019 33.37 misc
5 14 2019 9.84 transport
5 14 2019 45.70 transport
5 14 2019 28.85 misc
5 14 2019 15.08 meals
5 14 2019 3.26 transport
5 14 2019 49.65 misc
5 14 2019 5.44 medical
5 14 2019 6.10 creditcard
5 14 2019 17.67 medical
5 14 2019 3.23 creditcard
5 14 2019 38.95 meals
5 14 2019 25.11 meals
5 15 2019 41.71 meals
5 15 2019 11.31 meals
5 15 2019 33.39 grocery
5 15 2019 12.98 grocery
5 15 2019 32.00 misc
5 15 2019 20.71 transport
5 15 2019 39.24 creditcard
5 15 2019 12.59 meals
5 15 2019 17.39 medical
5 15 2019 6.48 meals
5 15 2019 40.71 creditcard
5 15 2019 16.78 misc
5 15 2019 23.95 grocery
5 15 2019 11.77 misc
5 16 2019 12.21 creditcard
5 16 2019 4.56 transport
5 16 2019 31.27 meals
5 16 2019 44.63 creditcard
5 16 2019 19.67 grocery
5 17 2019 43.84 meals
5 17 2019 8.92 medical
5 17 2019 23.94 creditcard
5 17 2019 34.12 grocery
5 17 2019 6.12 grocery
5 17 2019 39.44 meals
5 17 2019 11.33 meals
5 17 2019 18.66 medical
5 17 2019 42.96 medical
5 17 2019 6.61 meals
5 17 2019 40.66 misc
5 17 2019 9.37 meals
5 17 2019 7.84 creditcard
5 17 2019 46.54 misc
5 18 2019 33.03 misc
5 18 2019 28.59 grocery
5 18 2019 30.94 transport
5 18 2019 13.18 meals
5 18 2019 44.81 meals
5 18 2019 6.59 medical
5 18 2019 41.96 meals
5 18 2019 44.76 meals
5 18 2019 20.10 medical
5 18 2019 40.15 meals
5 18 2019 34.65 meals
5 19 2019 11.22 meals
5 19 2019 41.10 creditcard
5 19 2019 19.41 grocery
5 19 2019 41.49 meals
5 19 2019 20.68 transport
5 19 2019 31.76 transport
5 19 2019 44.45 grocery
5 19 2019 22.12 meals
5 19 2019 37.26 misc
5 19 2019 1.51 creditcard
5 19 2019 16.61 meals
5 19 2019 16.45 transport
5 20 2019 44.49 meals
5 20 2019 20.59 medical
5 20 2019 47.92 transport
5 20 2019 39.37 meals
5 20 2019 49.90 meals
5 20 2019 20.68 grocery
5 20 2019 47.94 misc
5 20 2019 8.24 transport
5 21 2019 17.17 meals
5 21 2019 47.08 grocery
5 21 2019 1.83 medical
5 21 2019 12.94 meals
5 22 2019 28.55 meals
5 22 2019 21.49 grocery
5 22 2019 25.34 creditcard
5 22 2019 44.32 meals
5 23 2019 42.24 meals
5 23 2019 33.52 meals
5 23 2019 4.64 grocery
5 23 2019 14.20 grocery
5 23 2019 37.91 grocery
5 23 2019 48.45 meals
5 23 2019 41.69 creditcard
5 23 2019 6.29 grocery
5 23 2019 3.93 meals
5 23 2019 23.12 creditcard
5 23 2019 8.48 misc
5 23 2019 43.43 transport
5 23 2019 48.65 medical
5 24 2019 14.65 medical
5 24 2019 31.06 transport
5 24 2019 21.36 medical
5 24 2019 41.31 transport
5 24 2019 38.44 medical
5 24 2019 28.09 medical
5 24 2019 19.19 creditcard
5 24 2019 28.10 creditcard
5 24 2019 6.85 grocery
5 24 2019 23.86 meals
5 24 2019 45.66 medical
5 25 2019 11.54 grocery
5 25 2019 44.93 meals
5 25 2019 48.25 meals
5 25 2019 38.77 medical
5 25 2019 8.24 creditcard
5 25 2019 15.44 creditcard
5 25 2019 38.26 meals
5 26 2019 3.15 grocery
5 26 2019 37.63 medical
5 26 2019 17.34 meals
5 26 2019 44.41 meals
5 27 2019 1.27 grocery
5 27 2019 47.27 meals
5 27 2019 32.85 misc
5 27 2019 12.67 meals
5 27 2019 14.75 meals
5 27 2019 47.38 transport
5 27 2019 1.20 grocery
5 27 2019 46.38 transport
5 28 2019 11.83 misc
5 28 2019 41.32 transport
5 28 2019 29.84 meals
5 29 2019 17.47 misc
5 29 2019 15.11 misc
5 29 2019 18.14 transport
5 29 2019 46.71 creditcard
5 29 2019 45.75 meals
5 29 2019 13.33 misc
5 29 2019 21.26 misc
5 29 2019 22.01 medical
5 29 2019 31.62 creditcard
5 29 2019 47.03 medical
5 29 2019 5.55 meals
5 29 2019 39.28 transport
5 29 2019 5.25 transport
5 29 2019 48.94 creditcard
5 30 2019 42.43 transport
5 30 2019 9.08 creditcard
5 30 2019 27.20 medical
5 30 2019 33.31 medical
5 30 2019 28.11 meals
5 30 2019 31.53 misc
5 30 2019 14.06 transport
5 30 2019 42.37 grocery
5 30 2019 31.17 misc
5 30 2019 19.70 meals
5 30 2019 24.43 meals
5 30 2019 5.12 creditcard
5 31 2019 12.74 misc
5 31 2019 2.59 transport
5 31 2019 36.43 meals
5 31 2019 4.11 meals
5 31 2019 2.29 creditcard
5 31 2019 25.74 medical
5 31 2019 2.59 transport
5 31 2019 10.81 meals
5 31 2019 42.05 medical
5 31 2019 16.40 meals
5 31 2019 24.29 meals
5 31 2019 32.37 meals
6 1 2019 31.94 misc
6 1 2019 23.73 grocery
6 1 2019 41.97 transport
6 1 2019 47.81 transport
6 1 2019 15.15 transport
6 1 2019 49.51 transport
6 1 2019 12.61 meals
6 1 2019 9.66 medical
6 2 2019 41.36 medical
6 2 2019 34.30 meals
6 2 2019 34.83 misc
6 2 2019 33.08 meals
6 2 2019 27.57 meals
6 2 2019 4.72 transport
6 2 2019 8.06 misc
6 2 2019 40.89 medical
6 3 2019 26.97 misc
6 3 2019 13.20 misc
6 3 2019 37.24 misc
6 3 2019 33.28 grocery
6 3 2019 34.72 meals
6 3 2019 34.80 meals
6 3 2019 25.78 transport
6 3 2019 34.75 transport
6 3 2019 41.89 medical
6 3 2019 42.11 creditcard
6 3 2019 19.01 grocery
6 3 2019 44.83 misc
6 3 2019 46.07 meals
6 3 2019 32.46 misc
6 4 2019 14.65 misc
6 4 2019 21.65 grocery
6 4 2019 34.85 meals
6 4 2019 25.05 transport
6 4 2019 28.72 transport
6 4 2019 45.93 misc
6 4 2019 45.61 grocery
6 4 2019 48.40 meals
6 4 2019 24.07 meals
6 4 2019 45.10 transport
6 4 2019 47.80 transport
6 4 2019 28.01 grocery
6 4 2019 8.20 meals
6 5 2019 11.98 medical
6 5 2019 9.23 meals
6 5 2019 48.52 medical
6 5 2019 27.32 grocery
6 5 2019 15.72 misc
6 5 2019 11.39 misc
6 5 2019 1.49 misc
6 5 2019 22.87 misc
6 5 2019 17.81 transport
6 5 2019 22.51 creditcard
6 5 2019 35.28 misc
6 6 2019 44.28 misc
6 6 2019 28.49 misc
6 6 2019 16.16 medical
6 6 2019 24.70 meals
6 6 2019 46.68 transport
6 6 2019 10.63 meals
6 7 2019 40.51 medical
6 7 2019 43.44 meals
6 7 2019 2.45 meals
6 7 2019 32.17 meals
6 8 2019 5.05 misc
6 8 2019 42.85 creditcard
6 8 2019 47.57 transport
6 8 2019 1.53 misc
6 8 2019 29.01 meals
6 8 2019 1.78 meals
6 8 2019 17.11 creditcard
6 8 2019 42.20 grocery
6 8 2019 18.35 grocery
6 9 2019 27.98 grocery
6 9 2019 7.51 creditcard
6 9 2019 20.93 meals
6 9 2019 23.73 misc
6 9 2019 4.79 meals
6 9 2019 24.33 medical
6 9 2019 9.96 meals
6 9 2019 22.68 misc
6 9 2019 46.96 medical
6 9 2019 25.75 misc
6 9 2019 14.57 creditcard
6 9 2019 23.52 creditcard
6 9 2019 36.69 grocery
6 9 2019 13.29 misc
6 10 2019 2.19 misc
6 10 2019 34.81 grocery
6 10 2019 33.43 meals
6 10 2019 13.37 medical
6 11 2019 34.76 grocery
6 11 2019 30.96 transport
6 11 2019 17.02 grocery
6 11 2019 8.50 grocery
6 11 2019 15.15 meals
6 11 2019 24.27 grocery
6 11 2019 27.21 grocery
6 11 2019 10.48 meals
6 11 2019 8.94 meals
6 12 2019 21.24 misc
6 12 2019 46.04 misc
6 12 2019 49.60 medical
6 12 2019 14.87 medical
6 12 2019 33.17 misc
6 12 2019 16.43 transport
6 12 2019 12.02 meals
6 12 2019 39.18 creditcard
6 12 2019 19.64 medical
6 12 2019 27.63 transport
6 12 2019 43.26 medical
6 12 2019 31.63 medical
6 13 2019 19.48 grocery
6 13 2019 9.07 misc
6 13 2019 38.83 meals
6 13 2019 47.66 transport
6 13 2019 43.34 creditcard
6 14 2019 24.20 medical
6 14 2019 44.17 meals
6 14 2019 11.23 transport
6 14 2019 15.60 misc
6 14 2019 13.23 meals
6 15 2019 31.88 medical
6 15 2019 19.03 grocery
6 15 2019 26.18 meals
6 15 2019 20.86 transport
6 15 2019 9.47 grocery
6 15 2019 2.02 creditcard
6 15 2019 16.78 grocery
6 15 2019 14.84 transport
6 15 2019 2.38 transport
6 15 2019 33.55 transport
6 15 2019 31.39 creditcard
6 15 2019 7.68 grocery
6 16 2019 17.29 meals
6 16 2019 49.03 medical
6 16 2019 7.18 grocery
6 16 2019 11.41 grocery
6 16 2019 9.46 meals
6 16 2019 15.27 transport
6 16 2019 20.52 misc
6 16 2019 18.08 transport
6 16 2019 24.66 medical
6 17 2019 14.52 meals
6 17 2019 39.10 creditcard
6 17 2019 6.68 misc
6 17 2019 28.41 grocery
6 17 2019 39.19 medical
6 17 2019 24.86 creditcard
6 17 2019 2.40 misc
6 17 2019 15.99 medical
6 17 2019 33.43 meals
6 18 2019 22.53 transport
6 18 2019 41.01 grocery
6 18 2019 23.49 transport
6 18 2019 10.45 grocery
6 18 2019 20.40 medical
6 18 2019 25.22 meals
6 18 2019 47.63 misc
6 18 2019 34.15 transport
6 18 2019 29.40 meals
6 18 2019 40.96 creditcard
6 18 2019 45.00 misc
6 18 2019 40.36 transport
6 19 2019 17.61 misc
6 19 2019 8.42 meals
6 19 2019 32.39 meals
6 19 2019 22.58 meals
6 19 2019 39.79 transport
6 19 2019 19.77 meals
6 19 2019 18.85 transport
6 19 2019 20.72 meals
6 19 2019 34.58 creditcard
6 20 2019 8.31 meals
6 20 2019 13.15 grocery
6 20 2019 5.75 meals
6 20 2019 3.21 meals
6 20 2019 29.18 grocery
6 20 2019 11.73 meals
6 20 2019 10.18 grocery
6 20 2019 14.08 transport
6 20 2019 20.09 transport
6 20 2019 31.82 creditcard
6 20 2019 2.65 grocery
6 20 2019 35.14 meals
6 20 2019 9.07 meals
6 20 2019 22.70 transport
6 21 2019 37.48 transport
6 21 2019 36.40 grocery
6 21 2019 22.81 misc
6 21 2019 41.18 misc
6 21 2019 25.34 grocery
6 21 2019 5.11 creditcard
6 21 2019 2.69 transport
6 21 2019 27.10 grocery
6 21 2019 23.86 grocery
6 22 2019 35.73 creditcard
6 22 2019 24.86 grocery
6 22 2019 8.39 transport
6 22 2019 39.36 creditcard
6 22 2019 4.51 transport
6 23 2019 32.60 meals
6 23 2019 36.18 creditcard
6 23 2019 34.98 transport
6 23 2019 41.14 misc
6 23 2019 33.92 creditcard
6 23 2019 17.12 grocery
6 23 2019 33.40 creditcard
6 23 2019 47.83 transport
6 23 2019 8.21 creditcard
6 24 2019 16.70 meals
6 24 2019 14.03 grocery
6 24 2019 43.82 creditcard
6 24 2019 49.56 medical
6 24 2019 36.90 meals
6 24 2019 44.26 transport
6 24 2019 35.69 grocery
6 24 2019 48.60 meals
6 24 2019 27.80 meals
6 24 2019 44.85 meals
6 24 2019 40.53 transport
6 24 2019 20.11 misc
6 24 2019 43.75 grocery
6 25 2019 4.26 meals
6 25 2019 47.11 meals
6 25 2019 11.84 meals
6 25 2019 13.15 meals
6 25 2019 47.37 medical
6 25 2019 1.98 medical
6 25 2019 20.48 meals
6 25 2019 24.82 medical
6 25 2019 39.75 creditcard
6 26 2019 43.46 meals
6 26 2019 38.12 grocery
6 26 2019 47.43 misc
6 26 2019 48.66 creditcard
6 26 2019 7.23 grocery
6 26 2019 5.48 medical
6 26 2019 45.68 meals
6 26 2019 29.75 meals
6 26 2019 11.48 medical
6 26 2019 7.96 transport
6 27 2019 40.55 transport
6 27 2019 11.22 transport
6 27 2019 17.94 medical
6 27 2019 42.95 meals
6 27 2019 2.70 misc
6 27 2019 1.16 meals
6 27 2019 12.59 grocery
6 27 2019 43.59 grocery
6 27 2019 37.16 transport
6 27 2019 46.47 medical
6 28 2019 29.11 misc
6 28 2019 15.26 transport
6 28 2019 20.07 misc
6 28 2019 41.16 misc
6 28 2019 37.64 creditcard
6 28 2019 17.59 meals
6 29 2019 27.63 creditcard
6 29 2019 17.11 creditcard
6 29 2019 25.17 creditcard
6 29 2019 44.05 misc
6 29 2019 14.97 meals
6 29 2019 13.83 transport
6 29 2019 45.89 meals
6 29 2019 18.71 grocery
6 29 2019 29.57 medical
6 29 2019 21.48 meals
6 30 2019 29.34 misc
6 30 2019 23.36 creditcard
6 30 2019 49.95 transport
6 30 2019 41.34 creditcard
6 30 2019 11.54 misc
6 30 2019 44.18 medical
6 30 2019 39.51 transport
6 30 2019 4.18 transport
6 30 2019 8.83 misc
6 30 2019 22.30 transport
6 30 2019 41.36 medical
6 30 2019 10.37 grocery
6 30 2019 47.58 meals
6 30 2019 20.93 medical
7 1 2019 24.77 misc
7 1 2019 2.57 meals
7 1 2019 1.91 misc
7 1 2019 47.64 transport
7 1 2019 13.42 creditcard
7 1 2019 22.47 medical
7 1 2019 9.38 meals
7 1 2019 25.34 misc
7 2 2019 32.68 medical
7 2 2019 32.19 meals
7 2 2019 44.47 misc
7 3 2019 4.85 transport
7 3 2019 31.44 meals
7 3 2019 34.84 transport
7 3 2019 28.82 transport
7 3 2019 39.91 medical
7 3 2019 7.31 grocery
7 3 2019 2.48 meals
7 3 2019 2.75 transport
7 3 2019 19.16 misc
7 3 2019 49.74 misc
7 3 2019 24.71 misc
7 4 2019 28.38 meals
7 4 2019 30.70 transport
7 4 2019 11.76 misc
7 4 2019 33.13 meals
7 4 2019 29.04 meals
7 4 2019 26.06 medical
7 4 2019 31.89 grocery
7 4 2019 13.46 grocery
7 4 2019 27.34 grocery
7 4 2019 46.83 creditcard
7 4 2019 44.35 meals
7 4 2019 19.93 transport
7 4 2019 19.95 meals
7 4 2019 9.01 meals
7 5 2019 33.10 meals
7 5 2019 45.26 grocery
7 5 2019 26.92 meals
7 5 2019 1.64 meals
7 5 2019 37.98 meals
7 5 2019 30.14 medical
7 5 2019 21.33 transport
7 6 2019 8.76 misc
7 6 2019 7.45 medical
7 6 2019 20.12 meals
7 6 2019 3.28 transport
7 6 2019 5.09 misc
7 6 2019 22.74 misc
7 7 2019 30.75 creditcard
7 7 2019 32.26 transport
7 7 2019 16.76 misc
7 7 2019 3.74 grocery
7 7 2019 32.37 meals
7 7 2019 43.79 creditcard
7 8 2019 23.94 meals
7 8 2019 19.99 grocery
7 8 2019 21.33 misc
7 8 2019 14.99 misc
7 8 2019 12.87 medical
7 8 2019 31.09 creditcard
7 8 2019 47.60 medical
7 8 2019 36.38 creditcard
7 8 2019 9.23 meals
7 8 2019 1.11 misc
7 8 2019 33.04 transport
7 8 2019 44.55 transport
7 8 2019 16.72 grocery
7 8 2019 41.95 creditcard
7 9 2019 12.32 creditcard
7 9 2019 4.98 creditcard
7 9 2019 37.77 grocery
7 9 2019 37.06 creditcard
7 9 2019 6.72 transport
7 9 2019 27.41 grocery
7 9 2019 44.95 grocery
7 9 2019 37.45 medical
7 9 2019 27.96 meals
7 9 2019 38.37 misc
7 10 2019 17.16 transport
7 10 2019 20.89 transport
7 10 2019 21.36 grocery
7 10 2019 47.96 transport
7 11 2019 29.01 misc
7 11 2019 24.51 medical
7 11 2019 40.37 transport
7 11 2019 24.72 misc
7 12 2019 30.44 grocery
7 12 2019 4.25 creditcard
7 12 2019 36.25 meals
7 12 2019 7.74 creditcard
7 12 2019 22.80 transport
7 12 2019 4.77 meals
7 12 2019 21.47 creditcard
7 12 2019 12.33 grocery
7 12 2019 31.65 medical
7 13 2019 29.62 meals
7 13 2019 33.72 transport
7 13 2019 19.68 transport
7 13 2019 40.63 transport
7 13 2019 19.53 creditcard
7 13 2019 36.49 meals
7 13 2019 44.80 misc
7 13 2019 48.62 creditcard
7 13 2019 14.05 meals
7 14 2019 29.45 creditcard
7 14 2019 35.40 medical
7 14 2019 16.79 meals
7 14 2019 4.16 misc
7 14 2019 47.24 medical
7 14 2019 10.84 misc
7 14 2019 14.44 meals
7 14 2019 8.95 misc
7 15 2019 16.19 transport
7 15 2019 33.62 medical
7 15 2019 27.07 creditcard
7 15 2019 30.09 creditcard
7 15 2019 46.91 misc
7 15 2019 35.98 transport
7 15 2019 22.16 meals
7 15 2019 39.43 grocery
7 16 2019 22.66 meals
7 16 2019 48.11 misc
7 16 2019 31.35 meals
7 16 2019 10.64 grocery
7 16 2019 20.59 misc
7 16 2019 46.08 misc
7 16 2019 45.17 creditcard
7 16 2019 43.74 meals
7 16 2019 4.26 misc
7 16 2019 33.96 misc
7 16 2019 8.56 meals
7 16 2019 20.30 grocery
7 16 2019 40.83 medical
7 17 2019 47.66 creditcard
7 17 2019 44.87 grocery
7 17 2019 41.37 meals
7 17 2019 38.02 creditcard
7 18 2019 33.38 misc
7 18 2019 20.64 meals
7 18 2019 49.94 creditcard
7 18 2019 31.53 meals
7 18 2019 36.37 misc
7 18 2019 3.01 grocery
7 18 2019 3.75 medical
7 18 2019 13.02 transport
7 18 2019 40.82 medical
7 19 2019 31.65 transport
7 19 2019 5.05 medical
7 19 2019 31.34 meals
7 19 2019 19.23 misc
7 19 2019 47.01 meals
7 19 2019 38.92 misc
7 19 2019 39.65 creditcard
7 19 2019 46.10 grocery
7 19 2019 15.72 transport
7 19 2019 24.17 transport
7 19 2019 48.20 meals
7 19 2019 12.86 grocery
7 19 2019 2.20 meals
7 19 2019 49.87 transport
7 20 2019 32.21 transport
7 20 2019 20.32 meals
7 20 2019 13.17 meals
7 20 2019 25.17 transport
7 20 2019 17.89 meals
7 20 2019 9.11 misc
7 20 2019 35.82 medical
7 20 2019 13.81 meals
7 20 2019 30.68 meals
7 20 2019 16.33 grocery
7 20 2019 29.62 misc
7 20 2019 40.72 misc
7 21 2019 28.57 medical
7 21 2019 35.89 misc
7 21 2019 40.81 misc
7 21 2019 10.66 meals
7 21 2019 43.88 meals
7 21 2019 12.10 grocery
7 21 2019 28.68 misc
7 21 2019 10.43 misc
7 21 2019 31.32 medical
7 21 2019 11.40 creditcard
7 21 2019 46.39 transport
7 21 2019 45.59 meals
7 22 2019 38.12 medical
7 22 2019 3.53 misc
7 22 2019 9.55 grocery
7 22 2019 7.42 grocery
7 22 2019 26.48 medical
7 22 2019 28.65 meals
7 22 2019 44.54 misc
7 22 2019 43.93 meals
7 22 2019 38.69 grocery
7 23 2019 11.90 meals
7 23 2019 2.32 grocery
7 23 2019 29.49 transport
7 23 2019 8.14 misc
7 23 2019 23.74 meals
7 23 2019 27.73 meals
7 23 2019 40.87 transport
7 23 2019 3.62 creditcard
7 23 2019 17.77 meals
7 24 2019 5.61 creditcard
7 24 2019 11.02 medical
7 24 2019 19.75 meals
7 24 2019 10.85 transport
7 24 2019 3.62 meals
7 24 2019 49.15 medical
7 24 2019 10.46 meals
7 24 2019 30.68 meals
7 24 2019 24.55 grocery
7 25 2019 49.44 creditcard
7 25 2019 12.60 misc
7 25 2019 16.24 meals
7 25 2019 35.39 creditcard
7 25 2019 22.19 meals
7 26 2019 47.33 meals
7 26 2019 30.80 transport
7 26 2019 40.05 meals
7 26 2019 12.94 meals
7 26 2019 13.23 creditcard
7 27 2019 12.39 meals
7 27 2019 8.92 meals
7 27 2019 24.61 transport
7 27 2019 31.00 creditcard
7 27 2019 19.48 medical
7 27 2019 32.18 medical
7 27 2019 7.62 meals
7 27 2019 33.55 grocery
7 27 2019 16.31 meals
7 27 2019 44.19 misc
7 27 2019 3.08 meals
7 27 2019 8.22 transport
7 27 2019 41.02 meals
7 27 2019 22.39 grocery
7 28 2019 36.96 grocery
7 28 2019 31.40 medical
7 28 2019 47.33 grocery
7 28 2019 5.51 meals
7 28 2019 18.85 creditcard
7 28 2019 26.44 meals
7 28 2019 3.73 meals
7 29 2019 1.17 grocery
7 29 2019 46.95 creditcard
7 29 2019 44.83 grocery
7 29 2019 42.90 meals
7 30 2019 1.12 meals
7 30 2019 33.14 meals
7 30 2019 28.77 misc
7 30 2019 26.91 creditcard
7 30 2019 13.48 transport
7 30 2019 45.62 transport
7 30 2019 45.17 meals
7 30 2019 17.77 transport
7 30 2019 21.68 meals
7 30 2019 12.34 misc
7 30 2019 49.75 creditcard
7 30 2019 24.58 grocery
7 30 2019 14.22 grocery
7 31 2019 5.36 medical
7 31 2019 31.60 meals
7 31 2019 33.10 grocery
7 31 2019 29.62 grocery
7 31 2019 16.75 meals
7 31 2019 16.92 medical
7 31 2019 16.19 misc
7 31 2019 27.11 misc
7 31 2019 19.42 misc
7 31 2019 42.78 medical
7 31 2019 47.93 grocery
8 1 2019 22.34 medical
8 1 2019 11.07 meals
8 1 2019 25.62 misc
8 1 2019 36.00 transport
8 1 2019 28.66 creditcard
8 1 2019 40.90 misc
8 1 2019 2.08 misc
8 1 2019 4.78 grocery
8 1 2019 44.64 meals
8 1 2019 8.02 misc
8 1 2019 22.68 medical
8 1 2019 3.24 meals
8 1 2019 49.68 medical
8 2 2019 32.15 misc
8 2 2019 26.50 misc
8 2 2019 48.77 transport
8 2 2019 36.02 meals
8 2 2019 36.89 transport
8 2 2019 30.70 meals
8 2 2019 37.99 meals
8 2 2019 37.11 transport
8 2 2019 49.77 creditcard
8 2 2019 16.93 grocery
8 2 2019 10.64 misc
8 2 2019 47.89 medical
8 3 2019 29.16 grocery
8 3 2019 42.81 misc
8 3 2019 17.51 medical
8 3 2019 11.00 meals
8 3 2019 9.80 medical
8 3 2019 42.71 creditcard
8 3 2019 21.98 grocery
8 3 2019 7.97 medical
8 3 2019 18.12 meals
8 3 2019 19.31 creditcard
8 3 2019 40.28 medical
8 3 2019 16.59 meals
8 3 2019 47.40 meals
8 4 2019 20.83 meals
8 4 2019 1.70 creditcard
8 4 2019 33.52 grocery
8 4 2019 8.77 transport
8 4 2019 6.23 grocery
8 4 2019 22.37 meals
8 5 2019 8.32 grocery
8 5 2019 20.95 medical
8 5 2019 29.30 misc
8 5 2019 10.62 meals
8 5 2019 31.10 misc
8 5 2019 13.25 creditcard
8 5 2019 10.40 misc
8 5 2019 26.68 meals
8 5 2019 35.31 grocery
8 5 2019 27.64 grocery
8 5 2019 42.32 grocery
8 5 2019 23.20 medical
8 5 2019 1.38 medical
8 5 2019 36.27 grocery
8 6 2019 35.45 grocery
8 6 2019 14.27 misc
8 6 2019 12.29 grocery
8 6 2019 6.64 grocery
8 7 2019 3.08 creditcard
8 7 2019 31.14 creditcard
8 7 2019 40.71 grocery
8 8 2019 17.39 meals
8 8 2019 28.50 transport
8 8 2019 25.00 creditcard
8 8 2019 1.33 creditcard
8 8 2019 40.39 medical
8 8 2019 17.99 misc
8 8 2019 17.65 transport
8 8 2019 30.92 meals
8 8 2019 49.78 meals
8 8 2019 29.44 transport
8 8 2019 36.78 medical
8 8 2019 1.29 grocery
8 8 2019 37.18 creditcard
8 9 2019 2.52 transport
8 9 2019 10.68 meals
8 9 2019 27.72 transport
8 9 2019 23.22 medical
8 9 2019 32.03 grocery
8 9 2019 36.07 meals
8 9 2019 30.80 creditcard
8 10 2019 5.77 medical
8 10 2019 25.09 medical
8 10 2019 36.21 misc
8 10 2019 29.89 creditcard
8 10 2019 35.95 creditcard
8 10 2019 49.76 grocery
8 11 2019 36.94 meals
8 11 2019 24.80 grocery
8 11 2019 17.20 medical
8 11 2019 33.19 meals
8 12 2019 6.41 medical
8 12 2019 23.56 meals
8 12 2019 15.74 misc
8 12 2019 26.62 medical
8 12 2019 37.85 medical
8 12 2019 16.30 transport
8 12 2019 17.08 meals
8 12 2019 36.82 meals
8 12 2019 17.18 misc
8 12 2019 12.65 creditcard
8 12 2019 9.03 creditcard
8 12 2019 3.90 transport
8 13 2019 41.37 medical
8 13 2019 25.62 misc
8 13 2019 25.03 creditcard
8 13 2019 29.97 meals
8 13 2019 39.71 misc
8 13 2019 19.45 transport
8 13 2019 2.42 meals
8 13 2019 48.79 medical
8 13 2019 16.95 transport
8 13 2019 48.91 creditcard
8 13 2019 47.56 meals
8 13 2019 34.66 creditcard
8 14 2019 1.62 misc
8 14 2019 23.87 meals
8 14 2019 42.28 creditcard
8 14 2019 44.90 misc
8 15 2019 19.47 meals
8 15 2019 6.78 meals
8 15 2019 2.14 meals
8 15 2019 24.25 creditcard
8 15 2019 7.43 misc
8 15 2019 21.24 meals
8 15 2019 8.50 grocery
8 15 2019 16.96 meals
8 15 2019 5.67 transport
8 15 2019 2.31 grocery
8 15 2019 33.87 transport
8 15 2019 39.97 transport
8 16 2019 43.49 meals
8 16 2019 45.75 grocery
8 16 2019 26.93 medical
8 16 2019 7.87 misc
8 16 2019 41.16 meals
8 16 2019 25.50 grocery
8 16 2019 29.57 meals
8 16 2019 43.10 meals
8 16 2019 16.34 meals
8 16 2019 12.76 meals
8 17 2019 19.18 transport
8 17 2019 28.82 creditcard
8 17 2019 46.57 transport
8 17 2019 28.36 grocery
8 17 2019 23.94 transport
8 17 2019 30.04 misc
8 18 2019 18.44 meals
8 18 2019 40.24 misc
8 18 2019 27.77 medical
8 18 2019 30.64 meals
8 19 2019 10.21 meals
8 19 2019 11.18 transport
8 19 2019 13.73 transport
8 19 2019 26.23 creditcard
8 19 2019 23.81 meals
8 19 2019 23.50 meals
8 19 2019 14.91 creditcard
8 20 2019 42.28 meals
8 20 2019 37.27 meals
8 20 2019 35.67 transport
8 20 2019 7.25 meals
8 20 2019 18.17 meals
8 20 2019 28.43 meals
8 21 2019 9.08 meals
8 21 2019 44.98 creditcard
8 21 2019 44.62 meals
8 21 2019 31.76 transport
8 21 2019 14.68 transport
8 21 2019 23.63 grocery
8 21 2019 2.41 meals
8 21 2019 39.12 creditcard
8 21 2019 16.21 meals
8 22 2019 21.83 grocery
8 22 2019 10.00 meals
8 22 2019 4.48 creditcard
8 22 2019 10.62 creditcard
8 23 2019 38.06 creditcard
8 23 2019 39.65 meals
8 23 2019 13.84 medical
8 23 2019 14.44 transport
8 23 2019 39.80 meals
8 24 2019 4.48 meals
8 24 2019 38.46 grocery
8 24 2019 4.63 medical
8 24 2019 30.11 creditcard
8 24 2019 49.81 medical
8 24 2019 27.58 creditcard
8 25 2019 36.58 misc
8 25 2019 25.79 meals
8 25 2019 37.79 meals
8 25 2019 14.59 misc
8 25 2019 13.06 meals
8 25 2019 22.01 misc
8 25 2019 37.89 medical
8 25 2019 33.38 misc
8 26 2019 48.21 medical
8 26 2019 32.89 grocery
8 26 2019 22.17 grocery
8 26 2019 21.28 meals
8 26 2019 6.49 creditcard
8 26 2019 33.85 medical
8 26 2019 41.75 meals
8 26 2019 19.65 creditcard
8 26 2019 30.94 creditcard
8 26 2019 7.72 misc
8 27 2019 32.58 grocery
8 27 2019 38.35 meals
8 27 2019 15.37 misc
8 27 2019 39.05 meals
8 27 2019 3.95 creditcard
8 27 2019 45.96 medical
8 27 2019 2.62 medical
8 27 2019 6.32 grocery
8 27 2019 3.92 meals
8 27 2019 43.63 misc
8 27 2019 40.46 misc
8 28 2019 45.61 meals
8 28 2019 34.70 misc
8 28 2019 16.86 grocery
8 28 2019 3.96 meals
8 28 2019 24.01 grocery
8 28 2019 39.32 misc
8 29 2019 15.57 creditcard
8 29 2019 5.55 creditcard
8 29 2019 35.40 meals
8 29 2019 2.68 grocery
8 30 2019 8.00 misc
8 30 2019 36.09 transport
8 30 2019 18.81 transport
8 30 2019 5.07 meals
8 30 2019 24.90 meals
8 30 2019 39.89 transport
8 30 2019 26.25 meals
8 30 2019 1.04 medical
8 30 2019 7.73 misc
8 30 2019 21.64 meals
8 31 2019 28.44 transport
8 31 2019 17.35 medical
8 31 2019 29.17 meals
9 1 2019 30.86 grocery
9 1 2019 16.69 grocery
9 1 2019 13.97 meals
9 1 2019 2.48 medical
9 1 2019 11.91 meals
9 1 2019 26.32 medical
9 1 2019 6.24 creditcard
9 1 2019 44.44 medical
9 1 2019 21.97 meals
9 1 2019 10.72 misc
9 2 2019 31.37 misc
9 2 2019 19.23 transport
9 2 2019 35.40 medical
9 2 2019 41.82 transport
9 2 2019 37.34 misc
9 2 2019 44.43 misc
9 2 2019 41.04 medical
9 3 2019 42.83 medical
9 3 2019 20.90 meals
9 3 2019 39.34 meals
9 3 2019 39.57 meals
9 3 2019 12.43 medical
9 3 2019 26.09 medical
9 3 2019 28.51 medical
9 3 2019 12.12 meals
9 3 2019 17.19 medical
9 3 2019 15.30 misc
9 3 2019 21.29 meals
9 3 2019 17.84 medical
9 4 2019 42.20 medical
9 4 2019 13.36 medical
9 4 2019 11.62 meals
9 4 2019 26.08 meals
9 4 2019 22.37 medical
9 4 2019 33.75 creditcard
9 4 2019 19.42 misc
9 4 2019 30.03 meals
9 4 2019 4.44 transport
9 4 2019 30.95 grocery
9 4 2019 24.58 misc
9 5 2019 10.47 grocery
9 5 2019 31.48 medical
9 5 2019 41.21 meals
9 5 2019 15.64 misc
9 6 2019 43.96 grocery
9 6 2019 23.78 meals
9 6 2019 42.29 meals
9 6 2019 48.99 transport
9 6 2019 28.71 medical
9 6 2019 32.27 meals
9 6 2019 11.09 transport
9 6 2019 49.57 transport
9 6 2019 24.77 medical
9 6 2019 3.80 meals
9 6 2019 7.56 transport
9 6 2019 8.82 meals
9 7 2019 38.60 grocery
9 7 2019 38.08 meals
9 7 2019 17.56 misc
9 7 2019 47.21 transport
9 7 2019 2.40 meals
9 7 2019 49.67 meals
9 7 2019 1.79 transport
9 7 2019 28.99 medical
9 7 2019 45.62 misc
9 7 2019 43.64 meals
9 7 2019 25.70 transport
9 7 2019 31.71 meals
9 8 2019 30.06 transport
9 8 2019 19.26 grocery
9 8 2019 10.70 transport
9 8 2019 26.50 meals
9 8 2019 46.10 medical
9 9 2019 24.72 misc
9 9 2019 23.75 misc
9 9 2019 28.76 misc
9 9 2019 26.41 medical
9 9 2019 36.77 meals
9 9 2019 13.10 medical
9 10 2019 6.75 grocery
9 10 2019 6.25 transport
9 10 2019 21.05 transport
9 10 2019 23.93 meals
9 10 2019 23.30 grocery
9 10 2019 38.02 medical
9 10 2019 1.20 transport
9 10 2019 31.82 meals
9 10 2019 43.27 meals
9 10 2019 21.03 creditcard
9 11 2019 46.16 meals
9 11 2019 43.38 misc
9 11 2019 27.57 medical
9 11 2019 26.99 grocery
9 11 2019 12.56 meals
9 11 2019 45.43 meals
9 11 2019 12.79 transport
9 12 2019 23.29 medical
9 12 2019 22.09 meals
9 12 2019 24.49 transport
9 12 2019 28.61 misc
9 12 2019 23.63 transport
9 12 2019 21.00 creditcard
9 12 2019 7.64 grocery
9 12 2019 36.15 misc
9 13 2019 34.16 creditcard
9 13 2019 9.79 transport
9 13 2019 1.15 medical
9 13 2019 1.42 transport
9 13 2019 42.33 meals
9 13 2019 13.62 meals
9 13 2019 5.22 medical
9 13 2019 27.43 grocery
9 13 2019 6.68 misc
9 13 2019 11.01 creditcard
9 13 2019 1.66 medical
9 14 2019 11.10 meals
9 14 2019 5.35 creditcard
9 14 2019 45.75 grocery
9 14 2019 44.35 medical
9 14 2019 24.67 creditcard
9 14 2019 41.76 medical
9 14 2019 15.50 misc
9 14 2019 35.84 misc
9 14 2019 19.89 medical
9 14 2019 39.85 misc
9 14 2019 35.91 misc
9 14 2019 1.46 misc
9 15 2019 23.51 medical
9 15 2019 44.94 misc
9 15 2019 17.16 medical
9 15 2019 34.27 creditcard
9 15 2019 37.73 meals
9 15 2019 17.64 misc
9 15 2019 45.38 meals
9 15 2019 2.92 transport
9 15 2019 41.37 grocery
9 15 2019 25.24 creditcard
9 16 2019 2.47 grocery
9 16 2019 4.88 grocery
9 16 2019 11.86 grocery
9 16 2019 15.78 transport
9 16 2019 12.24 meals
9 16 2019 34.83 meals
9 16 2019 39.87 transport
9 16 2019 10.86 misc
9 17 2019 31.75 transport
9 17 2019 43.31 meals
9 17 2019 38.23 grocery
9 17 2019 48.01 grocery
9 17 2019 48.44 grocery
9 17 2019 27.50 misc
9 17 2019 8.32 meals
9 17 2019 25.17 meals
9 17 2019 4.57 creditcard
9 17 2019 7.01 meals
9 17 2019 31.29 creditcard
9 17 2019 5.61 misc
9 17 2019 3.17 meals
9 18 2019 11.18 transport
9 18 2019 38.35 meals
9 18 2019 39.94 meals
9 18 2019 45.79 grocery
9 18 2019 36.58 medical
9 18 2019 36.36 misc
9 19 2019 25.75 meals
9 19 2019 6.64 medical
9 19 2019 3.94 medical
9 19 2019 28.22 meals
9 19 2019 46.32 medical
9 19 2019 49.89 misc
9 19 2019 2.58 meals
9 19 2019 3.85 meals
9 19 2019 3.83 creditcard
9 19 2019 14.94 transport
9 20 2019 17.42 meals
9 20 2019 5.66 transport
9 20 2019 39.30 grocery
9 20 2019 46.71 misc
9 21 2019 29.65 meals
9 21 2019 21.24 medical
9 21 2019 33.49 misc
9 21 2019 16.11 transport
9 21 2019 30.70 transport
9 21 2019 44.96 medical
9 21 2019 39.06 meals
9 22 2019 41.92 meals
9 22 2019 37.95 transport
9 22 2019 15.25 meals
9 22 2019 17.20 medical
9 22 2019 49.93 creditcard
9 22 2019 43.88 grocery
9 22 2019 13.12 grocery
9 22 2019 14.91 medical
9 22 2019 20.25 creditcard
9 22 2019 1.36 meals
9 22 2019 47.82 misc
9 23 2019 9.54 meals
9 23 2019 32.12 meals
9 23 2019 34.87 creditcard
9 23 2019 1.05 creditcard
9 23 2019 13.11 meals
9 23 2019 7.93 misc
9 23 2019 15.61 meals
9 24 2019 46.28 meals
9 24 2019 11.07 grocery
9 24 2019 45.08 misc
9 24 2019 30.77 transport
9 24 2019 3.32 meals
9 24 2019 24.32 meals
9 24 2019 5.59 misc
9 24 2019 27.25 misc
9 24 2019 30.70 medical
9 24 2019 7.39 medical
9 24 2019 16.38 misc
9 24 2019 34.27 medical
9 25 2019 34.63 grocery
9 25 2019 12.69 meals
9 25 2019 48.22 meals
9 25 2019 45.53 meals
9 25 2019 11.97 medical
9 25 2019 49.16 medical
9 25 2019 16.48 transport
9 25 2019 36.49 creditcard
9 25 2019 32.49 grocery
9 25 2019 21.11 meals
9 25 2019 16.43 meals
9 25 2019 34.35 meals
9 26 2019 18.57 transport
9 26 2019 29.36 meals
9 26 2019 47.72 creditcard
9 27 2019 40.04 medical
9 27 2019 35.73 grocery
9 27 2019 31.66 medical
9 27 2019 42.34 grocery
9 27 2019 16.97 grocery
9 27 2019 26.81 medical
9 27 2019 49.67 transport
9 27 2019 47.97 medical
9 27 2019 2.49 creditcard
9 27 2019 35.81 creditcard
9 27 2019 14.47 creditcard
9 28 2019 16.25 grocery
9 28 2019 27.22 meals
9 28 2019 39.58 misc
9 28 2019 13.68 misc
9 28 2019 14.98 meals
9 28 2019 11.80 meals
9 29 2019 42.07 meals
9 29 2019 17.74 transport
9 29 2019 36.11 meals
9 29 2019 40.51 medical
9 29 2019 6.85 grocery
9 29 2019 17.95 transport
9 29 2019 7.58 meals
9 29 2019 25.27 creditcard
9 30 2019 39.15 grocery
9 30 2019 10.67 creditcard
9 30 2019 30.94 meals
9 30 2019 40.32 meals
9 30 2019 25.33 meals
9 30 2019 37.07 grocery
9 30 2019 7.57 transport
9 30 2019 28.22 meals
10 1 2019 36.27 grocery
10 1 2019 22.46 misc
10 1 2019 23.08 misc
10 1 2019 15.27 grocery
10 1 2019 35.67 creditcard
10 1 2019 42.80 transport
10 1 2019 41.92 creditcard
10 1 2019 49.09 misc
10 1 2019 25.40 creditcard
10 2 2019 24.67 meals
10 2 2019 2.81 meals
10 2 2019 10.12 grocery
10 2 2019 35.15 creditcard
10 2 2019 1.06 transport
10 3 2019 28.97 meals
10 3 2019 5.17 meals
10 3 2019 25.44 misc
10 3 2019 28.77 grocery
10 3 2019 17.29 transport
10 3 2019 11.58 transport
10 3 2019 24.38 meals
10 4 2019 23.48 medical
10 4 2019 49.23 grocery
10 4 2019 38.93 misc
10 4 2019 42.76 grocery
10 4 2019 22.92 meals
10 4 2019 29.63 transport
10 4 2019 18.59 medical
10 4 2019 20.46 medical
10 5 2019 19.12 grocery
10 5 2019 9.12 meals
10 5 2019 16.91 grocery
10 5 2019 33.29 medical
10 6 2019 43.87 grocery
10 6 2019 24.72 meals
10 6 2019 17.13 meals
10 7 2019 16.37 medical
10 7 2019 16.05 grocery
10 7 2019 27.94 meals
10 7 2019 12.20 medical
10 7 2019 35.42 creditcard
10 7 2019 47.43 creditcard
10 7 2019 38.75 medical
10 7 2019 22.79 meals
10 7 2019 22.56 medical
10 8 2019 38.47 creditcard
10 8 2019 33.74 creditcard
10 8 2019 18.14 misc
10 9 2019 41.87 misc
10 9 2019 30.11 grocery
10 9 2019 1.12 meals
10 9 2019 24.26 creditcard
10 9 2019 34.77 meals
10 9 2019 21.97 meals
10 10 2019 7.40 creditcard
10 10 2019 28.49 creditcard
10 10 2019 4.01 transport
10 10 2019 43.32 transport
10 10 2019 32.97 misc
10 10 2019 11.35 creditcard
10 10 2019 41.04 meals
10 10 2019 42.12 transport
10 10 2019 21.72 meals
10 10 2019 1.06 meals
10 11 2019 39.15 meals
10 11 2019 30.72 transport
10 11 2019 11.03 creditcard
10 11 2019 14.64 medical
10 11 2019 11.46 meals
10 11 2019 38.41 misc
10 11 2019 23.20 transport
10 11 2019 28.74 medical
10 11 2019 3.26 grocery
10 11 2019 16.58 misc
10 11 2019 49.00 grocery
10 12 2019 43.10 medical
10 12 2019 25.73 transport
10 12 2019 34.27 misc
10 12 2019 9.55 creditcard
10 12 2019 14.95 meals
10 12 2019 49.22 misc
10 12 2019 14.44 transport
10 13 2019 45.44 misc
10 13 2019 35.73 medical
10 13 2019 49.90 transport
10 13 2019 42.80 misc
10 13 2019 41.54 meals
10 13 2019 17.30 transport
10 13 2019 21.55 creditcard
10 13 2019 44.15 grocery
10 13 2019 9.41 misc
10 13 2019 13.82 misc
10 13 2019 7.58 grocery
10 13 2019 31.79 misc
10 14 2019 35.20 misc
10 14 2019 29.95 meals
10 14 2019 39.02 creditcard
10 15 2019 14.20 meals
10 15 2019 27.95 transport
10 15 2019 14.64 creditcard
10 15 2019 41.77 meals
10 15 2019 15.82 transport
10 15 2019 13.31 grocery
10 15 2019 24.38 meals
10 15 2019 24.47 medical
10 15 2019 29.78 grocery
10 15 2019 6.03 grocery
10 15 2019 25.92 grocery
10 15 2019 12.45 misc
10 15 2019 22.04 grocery
10 16 2019 20.69 misc
10 16 2019 28.44 transport
10 16 2019 38.99 medical
10 16 2019 41.74 meals
10 17 2019 12.50 meals
10 17 2019 3.99 misc
10 17 2019 2.95 creditcard
10 17 2019 13.70 misc
10 17 2019 22.78 grocery
10 17 2019 9.13 meals
10 17 2019 24.48 transport
10 17 2019 37.92 meals
10 17 2019 49.99 meals
10 17 2019 27.91 misc
10 17 2019 36.14 medical
10 17 2019 41.72 transport
10 17 2019 13.83 meals
10 17 2019 49.93 meals
10 18 2019 3.04 meals
10 18 2019 9.76 meals
10 18 2019 47.79 grocery
10 18 2019 47.88 transport
10 18 2019 48.79 misc
10 18 2019 35.89 medical
10 18 2019 32.35 grocery
10 18 2019 10.46 meals
10 18 2019 25.38 transport
10 18 2019 45.52 misc
10 18 2019 36.79 creditcard
10 18 2019 10.91 misc
10 18 2019 9.28 creditcard
10 18 2019 35.01 transport
10 19 2019 32.00 transport
10 19 2019 23.83 misc
10 19 2019 20.83 creditcard
10 19 2019 24.60 meals
10 19 2019 17.65 grocery
10 19 2019 5.72 grocery
10 19 2019 23.60 grocery
10 19 2019 23.24 transport
10 20 2019 18.76 medical
10 20 2019 10.04 transport
10 20 2019 10.21 meals
10 21 2019 20.13 creditcard
10 21 2019 39.12 grocery
10 21 2019 3.03 meals
10 21 2019 12.77 medical
10 21 2019 14.99 medical
10 21 2019 10.85 medical
10 21 2019 5.37 medical
10 21 2019 40.74 misc
10 21 2019 22.16 meals
10 21 2019 12.90 meals
10 22 2019 35.14 meals
10 22 2019 36.34 meals
10 22 2019 40.28 meals
10 22 2019 17.19 meals
10 22 2019 41.23 meals
10 22 2019 19.62 transport
10 22 2019 36.16 transport
10 22 2019 11.30 grocery
10 22 2019 22.38 meals
10 22 2019 4.08 meals
10 22 2019 5.19 grocery
10 23 2019 38.65 misc
10 23 2019 33.39 transport
10 23 2019 24.13 meals
10 23 2019 5.59 transport
10 23 2019 30.45 transport
10 24 2019 33.36 meals
10 24 2019 41.05 meals
10 24 2019 49.20 medical
10 24 2019 46.60 creditcard
10 24 2019 40.55 medical
10 24 2019 28.45 meals
10 24 2019 21.86 meals
10 24 2019 45.20 misc
10 24 2019 7.83 meals
10 24 2019 12.86 creditcard
10 24 2019 38.06 grocery
10 24 2019 2.60 meals
10 24 2019 14.65 meals
10 25 2019 23.97 misc
10 25 2019 12.91 creditcard
10 25 2019 10.71 transport
10 26 2019 10.27 transport
10 26 2019 41.99 meals
10 26 2019 29.66 medical
10 26 2019 38.65 transport
10 26 2019 33.40 transport
10 27 2019 28.61 medical
10 27 2019 14.78 misc
10 27 2019 46.34 medical
10 27 2019 16.08 grocery
10 28 2019 13.96 meals
10 28 2019 31.50 creditcard
10 28 2019 24.49 transport
10 28 2019 28.35 meals
10 28 2019 18.57 grocery
10 28 2019 3.82 misc
10 28 2019 1.80 meals
10 28 2019 33.73 medical
10 28 2019 27.37 misc
10 28 2019 37.58 transport
10 28 2019 31.90 meals
10 29 2019 16.37 transport
10 29 2019 16.41 transport
10 29 2019 41.32 medical
10 29 2019 48.58 misc
10 29 2019 44.45 meals
10 29 2019 7.43 transport
10 29 2019 23.60 creditcard
10 29 2019 38.26 creditcard
10 29 2019 32.86 misc
10 29 2019 19.56 transport
10 29 2019 29.05 transport
10 29 2019 43.45 transport
10 30 2019 15.84 meals
10 30 2019 1.53 meals
10 30 2019 40.66 grocery
10 30 2019 13.12 meals
10 30 2019 5.34 misc
10 30 2019 40.32 medical
10 30 2019 23.42 creditcard
10 30 2019 30.29 misc
10 30 2019 22.68 grocery
10 30 2019 45.13 grocery
10 30 2019 28.47 transport
10 30 2019 19.83 meals
10 31 2019 29.55 medical
10 31 2019 43.83 misc
10 31 2019 43.30 medical
10 31 2019 37.85 grocery
10 31 2019 35.13 medical
10 31 2019 30.09 misc
10 31 2019 46.72 medical
10 31 2019 28.41 creditcard
10 31 2019 19.41 transport
10 31 2019 43.98 medical
11 1 2019 16.52 meals
11 1 2019 33.76 transport
11 1 2019 43.32 transport
11 1 2019 22.54 transport
11 1 2019 17.95 meals
11 1 2019 41.72 meals
11 1 2019 45.82 transport
11 1 2019 45.03 medical
11 1 2019 2.59 medical
11 1 2019 15.56 grocery
11 1 2019 14.55 grocery
11 1 2019 32.91 grocery
11 1 2019 17.05 meals
11 2 2019 30.30 meals
11 2 2019 45.74 misc
11 2 2019 13.98 meals
11 2 2019 7.62 misc
11 2 2019 45.42 creditcard
11 3 2019 8.59 medical
11 3 2019 48.17 meals
11 3 2019 37.54 meals
11 3 2019 14.05 medical
11 3 2019 24.42 creditcard
11 3 2019 17.04 grocery
11 3 2019 1.83 medical
11 3 2019 27.61 medical
11 3 2019 23.26 meals
11 3 2019 37.22 medical
11 3 2019 23.97 medical
11 3 2019 30.07 meals
11 3 2019 47.67 medical
11 3 2019 4.47 misc
11 4 2019 22.33 creditcard
11 4 2019 35.18 transport
11 4 2019 16.68 medical
11 4 2019 44.70 transport
11 4 2019 47.54 misc
11 4 2019 34.10 transport
11 4 2019 43.33 misc
11 4 2019 14.02 misc
11 4 2019 49.70 meals
11 5 2019 43.37 medical
11 5 2019 30.53 creditcard
11 5 2019 18.68 transport
11 5 2019 14.19 creditcard
11 5 2019 41.77 creditcard
11 5 2019 37.68 creditcard
11 5 2019 39.00 meals
11 5 2019 4.54 meals
11 5 2019 21.87 grocery
11 5 2019 40.85 medical
11 5 2019 35.59 creditcard
11 5 2019 15.65 meals
11 5 2019 11.47 grocery
11 5 2019 11.80 medical
11 6 2019 8.58 medical
11 6 2019 30.83 grocery
11 6 2019 11.15 meals
11 6 2019 10.27 creditcard
11 6 2019 11.37 misc
11 6 2019 12.52 misc
11 6 2019 13.31 medical
11 6 2019 17.05 creditcard
11 6 2019 34.44 transport
11 6 2019 39.38 misc
11 6 2019 4.06 creditcard
11 7 2019 21.20 medical
11 7 2019 5.86 medical
11 7 2019 23.34 creditcard
11 7 2019 16.10 transport
11 8 2019 45.72 grocery
11 8 2019 15.83 meals
11 8 2019 37.81 misc
11 8 2019 26.63 meals
11 8 2019 49.74 grocery
11 8 2019 26.24 transport
11 8 2019 19.05 grocery
11 8 2019 30.57 meals
11 9 2019 19.95 misc
11 9 2019 8.56 grocery
11 9 2019 32.06 misc
11 9 2019 25.48 grocery
11 10 2019 47.82 meals
11 10 2019 25.55 transport
11 10 2019 26.86 creditcard
11 10 2019 48.25 grocery
11 10 2019 27.14 grocery
11 11 2019 3.78 medical
11 11 2019 16.55 grocery
11 11 2019 10.50 misc
11 11 2019 10.01 meals
11 11 2019 9.19 transport
11 11 2019 7.29 misc
11 12 2019 14.86 creditcard
11 12 2019 18.56 grocery
11 12 2019 42.52 meals
11 12 2019 3.08 grocery
11 12 2019 8.10 misc
11 12 2019 47.98 medical
11 12 2019 47.90 meals
11 12 2019 25.67 misc
11 12 2019 32.32 grocery
11 12 2019 27.83 creditcard
11 12 2019 8.04 creditcard
11 13 2019 35.66 misc
11 13 2019 27.90 meals
11 13 2019 39.31 medical
11 13 2019 22.00 misc
11 13 2019 48.06 grocery
11 13 2019 43.37 grocery
11 13 2019 31.57 meals
11 13 2019 42.77 creditcard
11 13 2019 5.97 creditcard
11 14 2019 38.94 creditcard
11 14 2019 16.16 transport
11 14 2019 42.35 meals
11 14 2019 6.09 creditcard
11 14 2019 14.07 transport
11 14 2019 37.98 grocery
11 14 2019 47.80 creditcard
11 15 2019 41.65 meals
11 15 2019 1.27 transport
11 15 2019 29.91 meals
11 15 2019 2.71 misc
11 15 2019 39.02 medical
11 15 2019 21.16 medical
11 16 2019 26.14 meals
11 16 2019 24.13 creditcard
11 16 2019 19.50 grocery
11 16 2019 28.70 transport
11 17 2019 33.80 medical
11 17 2019 49.86 meals
11 17 2019 19.05 grocery
11 17 2019 43.74 medical
11 17 2019 6.11 medical
11 17 2019 37.94 meals
11 17 2019 48.07 creditcard
11 17 2019 4.71 meals
11 17 2019 40.15 grocery
11 17 2019 33.07 transport
11 17 2019 24.54 grocery
11 18 2019 25.74 transport
11 18 2019 1.55 meals
11 18 2019 49.73 medical
11 18 2019 6.12 grocery
11 18 2019 13.05 grocery
11 18 2019 36.39 transport
11 18 2019 5.23 misc
11 18 2019 2.74 grocery
11 18 2019 30.54 grocery
11 18 2019 26.01 medical
11 18 2019 35.21 grocery
11 19 2019 35.00 medical
11 19 2019 32.39 creditcard
11 19 2019 43.34 meals
11 19 2019 5.37 medical
11 19 2019 31.68 creditcard
11 19 2019 30.36 misc
11 19 2019 15.54 transport
11 19 2019 31.05 meals
11 19 2019 21.67 creditcard
11 19 2019 37.46 medical
11 19 2019 21.47 transport
11 19 2019 31.41 transport
11 20 2019 18.56 medical
11 20 2019 28.36 meals
11 20 2019 27.44 creditcard
11 20 2019 37.79 transport
11 20 2019 49.40 meals
11 20 2019 3.82 meals
11 20 2019 10.24 medical
11 20 2019 37.01 misc
11 20 2019 12.99 transport
11 20 2019 39.60 creditcard
11 20 2019 43.01 grocery
11 20 2019 42.29 transport
11 20 2019 28.14 creditcard
11 21 2019 40.03 meals
11 21 2019 39.27 medical
11 21 2019 20.95 misc
11 21 2019 10.83 misc
11 21 2019 1.29 misc
11 21 2019 11.53 transport
11 21 2019 27.24 creditcard
11 21 2019 13.60 medical
11 21 2019 25.64 meals
11 21 2019 19.60 meals
11 22 2019 31.55 grocery
11 22 2019 28.85 misc
11 22 2019 29.97 creditcard
11 22 2019 33.82 transport
11 23 2019 14.55 meals
11 23 2019 44.50 meals
11 23 2019 29.62 creditcard
11 23 2019 26.68 grocery
11 23 2019 38.19 misc
11 23 2019 17.30 meals
11 23 2019 36.76 meals
11 23 2019 15.13 meals
11 23 2019 26.13 grocery
11 23 2019 44.59 meals
11 23 2019 39.47 meals
11 23 2019 26.30 misc
11 23 2019 30.68 meals
11 24 2019 1.83 medical
11 24 2019 15.86 grocery
11 24 2019 47.25 transport
11 24 2019 37.45 meals
11 25 2019 2.90 misc
11 25 2019 31.11 grocery
11 25 2019 3.75 meals
11 25 2019 38.83 grocery
11 25 2019 40.97 meals
11 25 2019 38.87 creditcard
11 25 2019 42.73 medical
11 25 2019 11.85 medical
11 25 2019 35.31 grocery
11 25 2019 10.98 creditcard
11 25 2019 37.02 creditcard
11 25 2019 16.83 creditcard
11 26 2019 9.78 creditcard
11 26 2019 45.62 meals
11 26 2019 18.06 grocery
11 26 2019 48.14 meals
11 26 2019 18.38 grocery
11 26 2019 46.58 creditcard
11 26 2019 27.08 grocery
11 26 2019 6.77 medical
11 26 2019 24.98 misc
11 26 2019 22.78 transport
11 27 2019 4.99 grocery
11 27 2019 20.89 transport
11 27 2019 8.76 meals
11 27 2019 32.72 misc
11 27 2019 27.65 creditcard
11 27 2019 33.39 meals
11 27 2019 11.95 medical
11 27 2019 12.70 meals
11 27 2019 27.78 meals
11 27 2019 16.60 creditcard
11 27 2019 3.12 medical
11 28 2019 38.23 grocery
11 28 2019 22.15 transport
11 28 2019 10.06 meals
11 28 2019 20.66 grocery
11 28 2019 47.93 transport
11 28 2019 13.70 transport
11 28 2019 21.20 creditcard
11 28 2019 44.65 meals
11 28 2019 47.28 transport
11 28 2019 28.20 grocery
11 28 2019 21.93 meals
11 28 2019 4.62 creditcard
11 28 2019 34.62 transport
11 29 2019 49.65 transport
11 29 2019 17.17 grocery
11 29 2019 49.52 meals
11 29 2019 13.92 transport
11 29 2019 13.42 meals
11 29 2019 32.40 meals
11 29 2019 5.79 meals
11 29 2019 18.94 creditcard
11 29 2019 16.04 grocery
11 29 2019 12.37 transport
11 29 2019 35.86 misc
11 30 2019 27.78 meals
11 30 2019 44.91 medical
11 30 2019 13.46 medical
11 30 2019 40.57 meals
11 30 2019 29.19 meals
11 30 2019 15.41 creditcard
11 30 2019 2.38 creditcard
11 30 2019 33.87 transport
11 30 2019 31.20 grocery
11 30 2019 45.51 grocery
11 30 2019 45.53 grocery
11 30 2019 5.38 transport
12 1 2019 42.95 misc
12 1 2019 16.26 misc
12 1 2019 45.99 meals
12 1 2019 6.60 grocery
12 2 2019 37.01 meals
12 2 2019 27.78 misc
12 2 2019 49.99 meals
12 2 2019 29.45 creditcard
12 2 2019 26.93 medical
12 2 2019 33.18 transport
12 2 2019 43.95 transport
12 2 2019 1.54 grocery
12 2 2019 49.82 meals
12 2 2019 29.83 meals
12 2 2019 9.34 medical
12 2 2019 47.16 medical
12 2 2019 1.50 misc
12 2 2019 28.97 meals
12 3 2019 18.26 meals
12 3 2019 18.60 creditcard
12 3 2019 29.86 meals
12 3 2019 20.00 medical
12 3 2019 24.64 medical
12 3 2019 12.77 meals
12 3 2019 17.59 misc
12 3 2019 48.43 medical
12 3 2019 23.12 grocery
12 3 2019 30.80 creditcard
12 4 2019 35.01 misc
12 4 2019 2.97 medical
12 4 2019 10.53 meals
12 4 2019 8.16 grocery
12 4 2019 7.31 grocery
12 4 2019 6.77 transport
12 4 2019 7.36 misc
12 5 2019 2.55 meals
12 5 2019 24.10 misc
12 5 2019 29.21 medical
12 5 2019 30.68 meals
12 5 2019 8.45 medical
12 5 2019 26.79 medical
12 5 2019 17.02 meals
12 5 2019 48.80 medical
12 5 2019 41.61 misc
12 5 2019 35.73 misc
12 5 2019 35.89 grocery
12 5 2019 30.96 misc
12 6 2019 19.71 medical
12 6 2019 3.91 misc
12 6 2019 5.97 grocery
12 6 2019 27.64 meals
12 6 2019 15.27 meals
12 6 2019 28.99 meals
12 6 2019 33.52 misc
12 6 2019 8.61 transport
12 6 2019 1.60 grocery
12 6 2019 28.67 transport
12 6 2019 37.00 transport
12 6 2019 48.82 transport
12 6 2019 47.16 misc
12 7 2019 35.36 meals
12 7 2019 22.67 medical
12 7 2019 22.30 meals
12 7 2019 32.79 meals
12 7 2019 7.83 misc
12 7 2019 25.02 meals
12 7 2019 38.25 misc
12 7 2019 35.60 grocery
12 7 2019 11.39 transport
12 7 2019 46.02 misc
12 7 2019 11.01 medical
12 7 2019 1.71 creditcard
12 7 2019 21.23 transport
12 7 2019 17.04 medical
12 8 2019 38.66 medical
12 8 2019 44.68 grocery
12 8 2019 4.54 misc
12 8 2019 13.55 meals
12 8 2019 7.36 transport
12 9 2019 30.33 medical
12 9 2019 19.84 creditcard
12 9 2019 12.82 meals
12 9 2019 6.99 misc
12 9 2019 14.86 meals
12 10 2019 24.88 grocery
12 10 2019 45.98 grocery
12 10 2019 7.48 transport
12 10 2019 9.15 grocery
12 10 2019 18.45 meals
12 10 2019 21.96 transport
12 10 2019 38.07 misc
12 10 2019 36.71 meals
12 10 2019 30.91 meals
12 10 2019 11.56 meals
12 10 2019 23.42 meals
12 10 2019 12.99 grocery
12 10 2019 8.34 creditcard
12 11 2019 30.56 medical
12 11 2019 49.03 misc
12 11 2019 6.20 medical
12 11 2019 21.83 meals
12 11 2019 41.77 medical
12 11 2019 6.47 medical
12 11 2019 47.42 meals
12 11 2019 3.83 transport
12 11 2019 40.37 misc
12 11 2019 46.28 grocery
12 11 2019 9.26 grocery
12 11 2019 2.56 meals
12 11 2019 12.79 meals
12 11 2019 14.40 meals
12 12 2019 30.85 meals
12 12 2019 34.99 transport
12 12 2019 48.84 transport
12 12 2019 17.37 medical
12 13 2019 14.68 misc
12 13 2019 11.64 creditcard
12 13 2019 7.78 transport
12 13 2019 22.45 transport
12 13 2019 18.64 transport
12 13 2019 37.96 transport
12 13 2019 3.83 meals
12 13 2019 4.29 meals
12 13 2019 47.63 creditcard
12 13 2019 2.48 transport
12 14 2019 6.91 grocery
12 14 2019 18.70 grocery
12 14 2019 4.07 creditcard
12 14 2019 1.74 creditcard
12 14 2019 1.69 medical
12 14 2019 34.13 misc
12 14 2019 43.05 meals
12 15 2019 2.12 misc
12 15 2019 43.00 creditcard
12 15 2019 37.57 medical
12 15 2019 33.69 grocery
12 15 2019 27.19 grocery
12 15 2019 44.80 misc
12 15 2019 3.07 meals
12 15 2019 35.87 creditcard
12 15 2019 3.19 misc
12 15 2019 38.67 meals
12 16 2019 6.23 meals
12 16 2019 1.30 meals
12 16 2019 26.27 medical
12 16 2019 32.53 creditcard
12 16 2019 37.73 creditcard
12 16 2019 20.45 transport
12 16 2019 8.92 grocery
12 16 2019 1.05 grocery
12 16 2019 22.92 grocery
12 16 2019 16.09 transport
12 17 2019 39.92 transport
12 17 2019 31.54 misc
12 17 2019 31.95 medical
12 17 2019 3.58 creditcard
12 17 2019 26.84 medical
12 17 2019 25.86 creditcard
12 17 2019 33.74 medical
12 17 2019 45.97 creditcard
12 17 2019 14.32 creditcard
12 17 2019 5.91 medical
12 17 2019 34.76 creditcard
12 18 2019 23.98 creditcard
12 18 2019 26.07 meals
12 18 2019 8.90 grocery
12 18 2019 5.82 meals
12 18 2019 31.08 creditcard
12 18 2019 24.70 meals
12 18 2019 47.76 transport
12 18 2019 9.47 creditcard
12 18 2019 34.29 grocery
12 18 2019 43.27 meals
12 18 2019 25.66 misc
12 19 2019 42.84 grocery
12 19 2019 15.28 meals
12 19 2019 17.63 meals
12 19 2019 16.16 meals
12 19 2019 23.03 medical
12 19 2019 29.88 creditcard
12 19 2019 41.50 creditcard
12 19 2019 23.76 medical
12 19 2019 2.13 grocery
12 19 2019 9.37 transport
12 19 2019 37.34 creditcard
12 19 2019 16.49 meals
12 19 2019 1.12 transport
12 19 2019 48.02 meals
12 20 2019 23.08 meals
12 20 2019 25.92 transport
12 20 2019 19.38 misc
12 20 2019 28.11 creditcard
12 20 2019 38.85 medical
12 20 2019 40.46 misc
12 20 2019 11.80 transport
12 20 2019 13.96 medical
12 20 2019 32.17 meals
12 20 2019 32.98 creditcard
12 21 2019 40.01 transport
12 21 2019 22.84 meals
12 21 2019 13.84 misc
12 21 2019 13.92 transport
12 22 2019 45.99 medical
12 22 2019 31.20 creditcard
12 22 2019 44.42 meals
12 22 2019 44.61 misc
12 22 2019 18.02 medical
12 22 2019 4.46 transport
12 22 2019 5.92 creditcard
12 22 2019 16.89 creditcard
12 22 2019 46.12 meals
12 23 2019 29.11 creditcard
12 23 2019 22.54 creditcard
12 23 2019 27.91 meals
12 23 2019 24.63 grocery
12 23 2019 17.36 grocery
12 23 2019 2.62 meals
12 24 2019 35.57 misc
12 24 2019 5.47 medical
12 24 2019 24.27 meals
12 24 2019 2.54 grocery
12 24 2019 32.56 meals
12 24 2019 48.78 grocery
12 24 2019 20.29 creditcard
12 24 2019 6.37 creditcard
12 24 2019 13.73 creditcard
12 24 2019 44.53 medical
12 25 2019 13.66 transport
12 25 2019 37.85 grocery
12 25 2019 1.21 meals
12 25 2019 24.85 meals
12 25 2019 47.69 transport
12 25 2019 37.41 misc
12 25 2019 12.89 creditcard
12 25 2019 45.65 transport
12 25 2019 18.97 grocery
12 25 2019 43.54 misc
12 25 2019 35.73 medical
12 25 2019 43.28 meals
12 25 2019 36.40 transport
12 26 2019 8.31 meals
12 26 2019 45.68 meals
12 26 2019 16.89 meals
12 26 2019 38.62 meals
12 26 2019 6.35 grocery
12 26 2019 28.04 transport
12 27 2019 35.46 meals
12 27 2019 12.91 meals
12 27 2019 12.04 transport
12 27 2019 9.33 medical
12 27 2019 44.52 meals
12 27 2019 4.01 medical
12 27 2019 32.91 meals
12 27 2019 30.65 creditcard
12 27 2019 6.00 meals
12 27 2019 26.63 transport
12 27 2019 39.48 misc
12 27 2019 25.13 meals
12 28 2019 28.33 meals
12 28 2019 8.88 meals
12 28 2019 8.18 meals
12 28 2019 40.84 meals
12 28 2019 11.33 grocery
12 28 2019 13.85 creditcard
12 29 2019 42.87 transport
12 29 2019 48.41 meals
12 29 2019 42.68 medical
12 29 2019 42.19 misc
12 29 2019 49.64 meals
12 29 2019 17.13 misc
12 29 2019 6.43 meals
12 29 2019 3.69 medical
12 29 2019 1.24 creditcard
12 29 2019 8.90 meals
12 29 2019 26.61 transport
12 29 2019 8.42 misc
12 29 2019 5.14 transport
12 29 2019 35.37 grocery
12 30 2019 4.28 grocery
12 30 2019 15.96 creditcard
12 30 2019 37.29 transport
12 30 2019 9.40 creditcard
12 30 2019 4.05 medical
12 30 2019 18.26 meals
12 30 2019 47.88 meals
12 30 2019 6.68 meals
12 31 2019 36.25 meals
12 31 2019 14.98 meals
12 31 2019 4.98 grocery
12 31 2019 8.45 transport
12 31 2019 15.63 transport
12 31 2019 21.64 meals
12 31 2019 4.93 meals
12 31 2019 4.30 grocery
12 31 2019 9.70 creditcard
12 31 2019 30.10 creditcard
12 31 2019 28.42 meals
12 31 2019 23.62 transport
12 31 2019 15.99 misc
12 31 2019 8.04 transport
